0.00907477, -0.0569577, -0.147318
0.0143894, 0.0404108, -0.0633512
0.00893547, -0.0921941, -0.0912249
0.00639983, -0.0614508, 0.0234212
0.00450138, -0.0309541, 0.0156864
0.0014175, -0.112408, -0.0575205
0.0120238, -0.0898926, -0.151114
0.000299476, -0.123193, -0.151851
-0.0168473, -0.0415426, -0.0086446
-0.000227272, -0.0279589, -0.0854897
0.00591547, -0.0717999, -0.118922
0.00127188, -0.0551929, -0.102979
0.00462841, -0.0732735, -0.0714429
-0.00446928, -0.00222845, -0.0491849
0.00550983, -0.0699021, -0.112544
0.00901164, -0.0704677, -0.138207
-0.00457817, -0.0154406, -0.0515315
0.00789584, -0.106968, -0.113369
0.00462629, 0.0462923, -0.0110821
0.00695904, -0.0492005, -0.0861189
0.00326313, 0.0146277, -0.119828
-0.00486147, 0.0489864, -0.00595781
-0.00432908, 0.0558894, -0.0237874
0.00437444, 0.0225326, 0.0133834
0.0102213, -0.0951411, -0.12417
-0.00169232, 0.0638234, -0.0143219
-0.00230159, -0.0444079, -0.0350877
-0.000655087, 0.0115136, -0.146217
0.00416281, -0.0513064, -0.0521331
0.00383788, -0.0721491, 0.00646868
0.00504587, -0.0517363, -0.118821
0.00670422, -0.0636468, -0.0300004
-0.00189082, -0.00156677, -0.0905712
0.00527066, 0.00286468, -0.0983156
0.000892403, -0.12368, -0.121008
0.00480092, -0.0939912, -0.0706851
0.00610603, -0.0772396, 0.0257826
0.00714888, -0.0197237, -0.118339
0.00228033, -0.052654, -0.046151
0.00900933, -0.0648, -0.0596113
0.0132009, -0.0804551, -0.148995
-0.00889352, 0.0454475, -0.0862313
0.000483563, -0.0598566, -0.0235011
0.00964413, -0.0506299, -0.0805642
0.00393301, -0.058067, -0.0699334
0.011482, -0.0932871, -0.132541
-0.000475441, -0.0446414, -0.0956006
0.0053944, -0.075587, -0.0805933
-0.0198977, -0.134426, -0.12562
0.0150465, -0.0981878, -0.118204
0.00626019, -0.0289814, -0.127969
0.00632294, -0.0749569, -0.102359
-0.000519939, -0.0593241, -0.034304
0.00988681, -0.102057, -0.133754
-0.0370122, -0.0195599, -0.161219
0.00133777, -0.0721108, -0.0804921
0.00309974, -0.0416544, -0.099478
0.00451887, -0.047127, -0.0353874
0.00799709, 0.0173807, -0.0198456
-0.00457784, -0.00757654, -0.0479297
-0.00187695, -0.0314933, -0.03452
0.0135713, -0.0872853, -0.135127
0.000177581, -0.0333216, -0.00612901
-8.34153e-005, 0.0147449, -0.0952103
0.00541359, -0.0715625, -0.0687084
0.000661672, -0.0940953, -0.146704
0.0125028, -0.100497, -0.147619
-0.00249058, -0.127671, -0.124493
0.00510058, -0.077039, 0.0154739
0.00614633, -0.0638498, -0.156674
-0.0167114, -0.130981, -0.151305
0.0070964, -0.0886058, -0.117444
0.00759642, -0.0924496, -0.118373
0.00427087, -0.0421244, 0.010817
-0.00280615, -0.0787287, 0.0293966
0.00189974, -0.0742429, -0.0184175
0.0092534, -0.0726058, -0.139033
0.011644, 0.0371869, -0.0531171
0.00645106, -0.0499921, -0.0823648
-0.00463072, 0.02032, -0.0902293
0.00590669, 0.0468181, -0.0441201
-0.00224902, 0.0125195, -0.0697555
-0.000662715, 0.0342485, -0.00686144
0.0107145, -0.0777795, -0.087505
0.00472865, -0.00179085, -0.0767569
0.0113436, -0.0987785, -0.0944202
0.0125337, -0.0957462, -0.153986
0.00734453, -0.118483, -0.120282
0.00979711, -0.119841, -0.139156
0.00840211, -0.121905, -0.0879755
0.00807174, -0.0925083, -0.12347
0.00412467, 0.0371301, -0.0250741
0.00933576, -0.120385, -0.142346
-0.00185715, 0.0743, -0.038722
0.00168277, 0.053559, -0.0951112
0.00697228, 0.00465011, 0.0188381
0.00914533, -0.0537669, -0.131871
-0.00366586, 0.0081781, -0.0630118
-0.0351324, -0.133368, -0.0770398
0.00841036, -0.0947067, -0.0962567
-0.00380552, 0.0567174, -0.0422788
0.00529352, -0.0720556, -0.0646268
0.00453316, -0.0781136, -0.0229611
0.0063359, -0.0936457, -0.0306747
-0.0147709, 0.0158241, -0.110584
0.0050935, -0.0621009, -0.0519008
0.00801393, -0.115561, -0.15108
0.00558723, -0.109723, -0.0934021
-0.000168134, -0.00257201, -0.129222
0.0196313, -0.0215083, -0.0431919
-0.0161708, -0.130161, -0.149448
-0.000488153, 0.0337574, -0.0132318
-0.00959986, 0.011697, -0.0805815
0.003788, -0.116158, -0.0443997
-0.00059009, -0.123775, -0.15254
0.00397993, -0.0315092, -0.00125379
0.00417373, -0.0937232, -0.0538681
0.0172852, 0.00889133, -0.0745553
0.00793334, -0.0808, -0.0655461
0.00793986, -0.0445025, -0.127687
0.00898605, -0.0667964, -0.0821111
0.00698293, -0.0863425, -0.161985
0.00802826, -0.0354289, -0.141851
0.00854052, -0.123638, -0.0899905
0.00550277, -0.0618034, 0.0165868
0.00153919, -0.0293634, -0.109786
0.0101441, -0.107678, -0.127874
0.0119256, -0.0728159, -0.133532
0.00762748, -0.0785237, -0.0444013
-0.00178213, 0.0437437, -0.0338511
0.0135097, -0.104497, -0.139528
0.00416133, -0.104894, -0.00569575
0.0113634, -0.078136, -0.132529
-0.000298982, -0.0186731, -0.0886062
-0.00164937, 0.0450325, -0.0313603
0.00775901, -0.0033612, 0.0209801
0.00251271, -0.0732746, -0.0426617
-0.000518467, -0.0228511, -0.0709684
-0.00378382, -0.0147195, -0.0301469
0.00600509, 9.31568e-006, -0.118843
-0.00275728, 0.0588511, -0.059294
0.0118347, -0.110169, -0.123354
-0.00517423, -0.130589, 0.000648594
-0.00392549, 0.0304045, -0.0431132
-0.00760777, -0.129122, -0.150354
0.00775058, -0.0594903, -0.0893566
-0.00324639, -0.121348, -0.153068
0.00974813, -0.028154, -0.0668396
0.0119399, -0.0964759, -0.15378
0.0143288, -0.0757368, -0.131326
0.00944857, -0.112173, -0.126862
-0.00344651, -0.0236968, -0.0784435
-0.00173958, -0.134868, -0.127934
0.000126621, -0.0227179, -0.0126783
0.000611635, 0.0190742, 0.0168637
-0.00678718, 0.0105741, -0.149144
0.00117023, 0.0531992, -0.0905893
0.000524584, -0.058603, -0.0731223
0.00706308, -0.0405066, -0.0841161
-6.93096e-005, -0.0417729, -0.0114953
0.0010268, 0.0397597, -0.0894882
-0.0033463, 0.0164708, -0.0762141
0.0070655, -0.0836259, 0.00152589
0.00390227, -0.115867, -0.0137648
0.0122604, -0.0608146, -0.126168
0.0040463, -0.0220308, -0.0929578
-0.000314292, -0.0456663, -0.096432
0.00729681, -0.121346, -0.0901976
0.00741545, -0.122862, -0.140865
-0.00160699, 0.015893, -0.084542
0.000652151, -0.0100281, -0.0238011
0.00691301, -0.0358417, -0.135453
0.00593877, -0.0564141, 0.0157719
0.0128201, -0.111365, -0.104513
0.0103892, -0.116879, -0.138532
0.00817352, -0.0776902, -0.0847762
0.0134586, -0.120698, -0.117001
0.010432, -0.0745164, -0.132738
0.00925946, -0.0672369, -0.0899297
0.00498398, -0.117412, -0.108939
0.00510434, -0.0922697, 0.00489905
0.00960733, -0.0525067, -0.0785219
-0.00347967, -0.0191033, -0.0400785
0.0138121, -0.082772, -0.149007
0.00479978, -0.103058, -0.0290604
0.00023621, -0.0432835, -0.0982439
-0.00959085, 0.0677344, -0.0909923
-0.0180171, 0.0150437, -0.144344
-0.03359, -0.129893, 0.00159709
0.00471345, -0.0747127, -0.0755564
0.00624917, -0.0682714, -0.0776463
0.000184277, 4.01151e-005, -0.0659128
0.00835279, -0.0434513, -0.139392
0.00388478, -0.110279, -0.00987442
0.00659333, -0.084571, -0.00303735
-0.00250305, 0.027286, -0.0656603
0.00599512, -0.0915726, -0.0131944
0.0026582, -0.106981, -0.0436968
0.0111159, -0.0563942, -0.152983
0.00134941, -0.0513174, -0.100487
0.011054, -0.076433, -0.139004
0.00642437, 0.00705567, -0.0944123
0.000811674, 0.0108809, -0.0766807
-0.000669069, -0.0434358, -0.0156153
-0.00382896, 0.0285285, -0.0478074
-0.00894587, 0.0249891, -0.0891589
0.000541808, 0.0739788, -0.0281356
0.00641001, -0.0808913, -0.0512979
0.000217715, -0.127888, -0.148665
0.00378023, -0.0952016, -0.0127075
0.00511087, -0.12557, -0.143921
0.00680883, 0.0430727, -0.102988
0.0164807, -0.0227705, -0.0804136
0.0106072, -0.114063, -0.126594
0.0039, -0.104629, -0.0127818
-0.0039963, -0.0027712, -0.0643789
0.00414758, -0.019399, -0.126107
0.0105039, -0.101804, -0.154082
-0.00385229, -0.0234398, -0.0363546
0.00379542, -0.102777, -0.0637952
0.000436489, -0.0468606, -0.0819479
0.00112352, -0.0743226, -0.0699215
0.0112573, -0.102835, -0.0940241
0.0113799, 0.0184301, -0.0126016
0.00508298, -0.127602, -0.105756
-0.00315256, 0.0375148, -0.0482974
-0.00912872, -0.0417078, -0.156129
0.00171908, 0.00729882, 0.00682294
0.00122584, -0.11972, -0.0207703
0.00784862, -0.0903452, -0.0744831
-0.000985199, -0.13057, -0.141975
0.0111328, -0.120271, -0.104691
0.00578929, -0.0817433, 0.00224656
0.00763932, 0.00509372, -0.0421722
0.00785412, -0.0781937, -0.15167
-0.00577789, 0.0602529, -0.0556177
0.0111427, 0.0194737, -0.0387373
0.00185684, 0.0437973, -0.0771133
-0.011118, -0.135307, -0.0573617
0.0120611, -0.12587, -0.11931
-0.000698107, 0.0602567, -0.0952231
0.00231079, -0.104914, -0.127593
-0.00242001, 0.0125453, -0.0731849
0.00483291, -0.0575474, -0.10662
0.000263978, 0.0142052, 0.000260578
0.00524419, -0.0583501, -0.0489002
0.00551639, -0.0769072, -0.0415531
-0.0183838, -0.137961, -0.00252968
0.00658705, 0.0426704, -0.0280723
0.00585601, -0.0147603, -0.147149
0.00215908, -0.118689, -0.101404
-0.000256239, -0.0417071, -0.0988325
-0.0292325, 0.0884852, -0.0578834
0.00385687, -0.0828806, -0.0688771
0.00173762, -0.0724645, -0.152362
0.00837343, -0.110702, -0.152266
0.0064151, -0.131602, -0.141441
0.00533661, -0.0186597, -0.129498
0.00702423, -0.0870769, -0.00616741
-0.00111801, 0.00236189, -0.0860177
0.00931961, -0.130232, -0.113728
0.00685612, -0.0881476, -0.0161545
0.00125788, -0.00127699, -0.105747
0.00406207, -0.0617904, -0.106347
-0.00396776, 0.0226405, -0.0350377
0.00585935, -0.0555393, -0.00709792
0.0068449, -0.101922, -0.0881844
-0.0122109, -0.130299, -0.0825573
-0.00287979, -0.0320103, -0.0306828
-0.000971598, -0.116428, -0.0157629
0.0059549, -0.0714992, -0.11964
0.00293526, 0.0357534, 0.00580355
0.00470728, -0.0441606, -0.126257
0.0079446, -0.0436376, -0.143568
0.0101689, -0.0487996, -0.137316
0.0107233, -0.0559913, -0.0630467
0.00531058, -0.102295, -0.0213353
0.00450703, -0.0340979, -0.118858
0.00352656, -0.110735, -0.158721
0.0045275, -0.0959663, -0.0730644
0.00349235, -0.0199047, -0.0636485
0.00248816, -0.0552322, -0.0566167
0.0092303, -0.0677592, -0.0935232
-0.00274319, -0.0125089, -0.0673338
-0.0744224, -0.0871324, -0.149359
0.000873189, 0.0086717, -0.0754844
-0.00224812, 0.00157321, -0.0814087
-0.00334592, 0.0130823, -0.0791216
0.00490772, 0.000550428, 0.018467
0.00627798, -0.0811434, -0.116105
0.002117, -0.082419, -0.0460259
-0.00469459, -0.0157, -0.0531683
-0.00333845, 0.0189862, -0.0501846
0.00137252, -0.0105882, -0.0158968
-0.00437459, 0.00553895, -0.0363663
0.0105434, -0.0647287, -0.104443
0.00560342, -0.00763514, -0.134829
-0.00170156, -0.02258, -0.0722079
0.00273841, -0.0277835, -0.105267
0.00994516, -0.0875832, -0.136252
0.00992683, -0.0838076, -0.108618
0.000458556, -0.0337433, -0.00172463
0.00119206, -0.121879, -0.099636
-0.00344647, 0.0376525, -0.0393479
0.0110019, -0.0951029, -0.137357
0.000982104, 0.0208015, 0.00116668
-0.00233093, -0.00647082, -0.0158848
0.0108262, -0.115258, -0.0818877
0.0124057, -0.00944737, -0.0225238
0.0057913, -0.0958981, -0.0127633
0.00285337, -0.0478767, -0.0393343
0.0058455, -0.0472477, -0.0307638
0.0205314, -0.00306, -0.0549217
0.00617657, -0.0828882, -0.116324
0.00749864, -0.0680056, 0.000494906
0.00558865, -0.0403271, -0.151875
0.0106476, -0.0815541, -0.109668
-0.0238376, -0.0730277, 0.0341064
0.00259122, 0.0456415, -0.117544
-0.00425073, -0.0665627, -0.0111731
0.00936162, -0.0878623, -0.0834915
-0.00511824, -0.13054, -0.125382
-0.0034464, -0.129664, -0.112011
0.0209012, 0.00851, -0.0410556
-0.0205563, -0.126895, -0.155548
-0.00288859, -0.0150839, -0.0634146
0.00322467, -0.102389, -0.0368092
-0.00403103, 0.0127821, -0.0659709
0.00036535, 0.0100861, -0.0265493
0.00681182, -0.0153724, -0.00604819
0.00228177, -0.0712211, -0.079512
-0.000523963, 0.0186778, -0.0863283
0.00911041, -0.054582, -0.131822
0.01069, -0.0581434, -0.149441
-0.00481117, 0.0462669, -0.0408541
0.00406239, 0.0244734, -0.119135
0.00471036, -0.0771918, 0.0107049
-0.00244226, -0.12593, -0.150972
0.00713199, -0.0294841, -0.144524
0.00876042, -0.0956962, -0.0972607
0.0077771, -0.0645157, -0.134933
0.00451509, -0.109434, -0.0135526
-0.0256982, 0.0869862, -0.0756602
-0.0508763, 0.0920345, -0.0623109
-0.0554303, 0.0759925, -0.121211
-0.0444686, 0.0839466, -0.110232
-0.0586277, 0.0800844, -0.00468174
-0.0557051, 0.074211, -0.11329
-0.0754044, 0.0848446, -0.137632
-0.00378508, 0.0241768, 0.00113974
-0.0822832, 0.0862398, -0.0410501
-0.0666397, 0.0947974, -0.02741
-0.101143, 0.0261813, -0.163673
-0.0570897, 0.0939005, -0.0467067
-0.0569568, 0.0923749, -0.0497454
-0.0901174, 0.0890201, -0.0705006
-0.0361731, 0.0749529, -0.0136171
-0.0588378, 0.0193747, -0.152449
-0.107075, 0.0840131, -0.073595
-0.034212, 0.0843272, -0.106788
-0.0996707, 0.0687434, -0.148176
-0.0902249, 0.0831023, -0.120139
-0.100142, 0.0893404, -0.0480521
-0.042949, 0.0187685, -0.158077
-0.0554731, 0.0938313, -0.0369639
-0.039562, 0.0878942, -0.0603963
-0.102802, 0.089152, -0.016437
-0.0574444, 0.0795714, -0.138518
-0.0658574, 0.0856101, -0.0562628
-0.0358868, 0.0908907, -0.032652
-0.0112895, 0.0635479, -0.124908
-0.0409956, 0.0840831, -0.059946
-0.0203434, 0.0844375, -0.00453638
-0.0710678, 0.0891282, -0.103468
-0.0808121, 0.0656767, -0.132037
-0.0577702, 0.0876244, -0.119663
-0.004912, 0.0703881, -0.0968764
-0.0128199, 0.0796305, -0.0904503
-0.0683594, 0.0728784, 0.0182906
-0.0346029, 0.0443653, -0.130719
-0.0589523, 0.0665478, -0.150396
-0.024214, 0.0385566, -0.148562
-0.0760902, 0.093012, -0.0597834
-0.0768161, 0.0890776, -0.107437
-0.0276437, 0.0871274, -0.00288166
-0.064011, 0.0909213, -0.0921221
-0.0755175, 0.0782109, -0.148644
-0.0255432, 0.0783385, -0.112308
-0.0323415, 0.084164, -0.0854254
-0.080892, 0.0772531, -0.0948773
-0.0581043, 0.0799588, -0.0988565
-0.0494613, 0.0859493, -0.0630682
-0.0510606, 0.0755962, -0.109548
-0.0928977, 0.0660283, -0.130754
-0.108822, 0.0788977, -0.116159
-0.107632, 0.0794421, -0.11559
-0.0673116, 0.0931585, -0.0510638
-0.0520759, 0.0902032, -0.0941981
-0.10256, 0.0828398, -0.103868
-0.0300614, 0.0844288, -0.0971637
-0.0784597, 0.0896686, -0.115761
-0.0116518, 0.0646926, -0.0638963
-0.0699177, 0.0762382, -0.1462
-0.0195176, 0.0731274, -0.10067
-0.0763871, 0.0511698, -0.161516
-0.0474705, 0.0646536, -0.127732
-0.0500548, 0.0872902, -0.0353471
-0.0467489, 0.0778277, -0.11607
-0.035688, 0.0823194, -0.107137
-0.0389542, 0.0923462, -0.030294
-0.0536343, 0.0805259, -0.114045
-0.0914455, 0.0888231, -0.0849526
-0.0748567, 0.0860112, 0.0077017
-0.070815, 0.086761, -0.118416
-0.116135, 0.0774592, -0.0592624
-0.0452576, 0.0573174, 0.0197381
-0.0899732, 0.0828311, -0.122553
-0.0494513, 0.0866236, -0.11436
-0.0270803, 0.0739914, -0.0950276
-0.0317202, 0.0834476, -0.106498
-0.0441927, 0.0862411, -0.0142061
-0.0989038, 0.0845222, -0.0922373
-0.0861666, 0.0763867, -0.0634556
-0.0925283, 0.0860643, -0.126533
-0.003159, 0.0774389, -0.0282828
-0.00797205, 0.0558294, -0.129267
-0.0658562, 0.0907254, -0.10407
-0.00506312, 0.0517702, -0.0177116
-0.023139, 0.0892691, -0.0358672
-0.0587127, 0.0860231, -0.120537
-0.110068, 0.0849792, -0.0227364
-0.0536863, 0.074914, -0.137226
-0.0639723, 0.0924767, -0.00887897
-0.100526, 0.0879177, -0.0622431
-0.0945118, 0.0894371, -0.0571084
-0.109553, 0.00179729, -0.140674
-0.051838, 0.072132, -0.141145
-0.00375791, 0.0718466, -0.0866014
-0.106218, 0.0777694, -0.138589
-0.0459039, 0.0849499, -0.0833057
-0.0012739, 0.0758155, -0.025488
-0.105138, 0.0784947, -0.135179
-0.0169681, 0.0786775, -0.0986371
-0.0179894, 0.0826782, -0.0873765
-0.0139296, 0.0784726, -0.101731
-0.00715577, 0.0516154, -0.105991
-0.090156, 0.0892585, -0.0994841
-0.0826747, 0.093597, -0.0310836
-0.0803713, 0.0894873, -0.0863755
-0.0307862, 0.0902096, -0.0197654
-0.048484, 0.0931826, -0.052523
-0.0948216, 0.0849948, -0.133099
-0.103912, 0.0615432, -0.0948032
-0.0472716, 0.0857856, -0.0708754
-0.117866, 0.0686938, -0.11086
-0.112386, 0.0400506, -0.158532
0.0145776, 0.024962, -0.0734468
-0.118187, 0.0660948, -0.121645
-0.047533, 0.0699627, -0.134514
-0.0552956, 0.0774819, -0.138055
-0.0917331, 0.0692282, -0.1576
-0.0823916, 0.0922261, -0.0157607
-0.0429885, 0.0934504, -0.0230287
-0.0173202, 0.0808654, -0.0917937
-0.031237, 0.0161957, -0.155825
-0.0188307, 0.0831756, -0.00355848
-0.0565326, 0.0923171, -0.0548594
-0.0741723, 0.0869181, -0.132534
-0.0447014, 0.0917769, -0.0611059
-0.0712969, 0.09111, -0.0408851
-0.0976281, 0.0880053, -0.07883
-0.0666088, 0.091242, -0.0947857
-0.114092, 0.0519897, -0.158749
-0.085957, 0.0878034, -0.117879
-0.098184, 0.083335, -0.0749078
-0.106909, 0.0727299, -0.139407
-0.0998204, 0.0847101, -0.119658
-0.051964, 0.0884673, -0.108425
-0.0692367, 0.0896849, -0.0993071
-0.104915, 0.0843292, -0.0924343
-0.0399118, 0.080548, -0.0886963
-0.0669479, 0.0604413, 0.00609608
-0.0543129, 0.0928632, -0.0478233
-0.0225075, 0.0473188, -0.132431
-0.0975906, 0.0530275, -0.124612
-0.120522, 0.0682246, -0.102092
-0.0209756, 0.0895064, -0.0452539
-0.0299933, 0.0698508, -0.113305
-0.0764412, 0.0624401, -0.123467
-0.0487039, 0.0914133, -0.0345021
-0.0297635, 0.0748709, -0.125287
-0.110439, 0.0847497, -0.054487
-0.0723085, 0.0915957, -0.0940204
-0.0132392, 0.074603, -0.0680341
-0.0777833, 0.0635221, -0.156637
-0.0799603, 0.0917356, -0.0195846
-0.0608738, 0.0852307, -0.00417615
-0.0562394, 0.0895746, -0.102769
-0.0857576, 0.0887574, -0.103707
-0.116111, 0.0473401, -0.156904
-0.0931038, 0.0845001, -0.138656
-0.0804415, 0.0901046, -0.0607575
-0.00290181, 0.0764124, -0.0681284
-0.125323, 0.0177057, -0.140736
-0.123794, 0.0720184, -0.0526761
-0.0670215, 0.0744327, -0.0879235
-0.0790859, 0.0837319, -0.104671
-0.0549737, 0.0900846, -0.0623324
-0.0579188, 0.0926727, -0.0576402
-0.0484468, 0.0912356, -0.00578399
-0.0787624, 0.0919237, -0.0505505
-0.00857966, 0.0793378, -0.0754035
-0.0690036, 0.0897449, -0.0617649
-0.0734772, 0.0826325, -0.136677
-0.0658039, 0.0919605, -0.0872324
-0.0574337, 0.0931, -0.0575099
-0.0841019, 0.0872225, -0.0291215
-0.00236518, 0.0782258, -0.0586626
-0.0263513, 0.0855798, -0.0582325
-0.0138885, 0.0686077, -0.0902682
-0.0291808, 0.0860873, -0.0929915
-0.0359223, 0.0841227, -0.0968775
-0.0436227, 0.0725479, -0.122289
-0.0749629, 0.0803177, -0.0837839
-0.0327636, 0.0852606, -0.0876344
-0.0664914, 0.0856982, -0.0980079
-0.0708774, 0.0934409, -0.0552498
-0.0447622, 0.032259, -0.14017
-0.00795764, 0.0717723, -0.0331969
-0.0666609, 0.0916862, -0.0916935
-0.0946892, 0.0825997, -0.130779
-0.0285705, 0.0779153, -0.110237
-0.110596, 0.0857176, -0.019917
-0.0365196, 0.0834466, -0.0832679
-0.0527869, 0.0260272, -0.121325
-0.121466, 0.0739336, -0.0416589
-0.0270068, 0.0634901, 0.00651032
-0.101988, 0.0620801, -0.155206
-0.0619962, 0.0898432, -0.0890633
-0.0190213, 0.0756383, -0.0876871
-0.0509648, 0.0685804, -0.00458768
-0.083757, 0.0934253, -0.0331822
-0.083814, 0.0882267, -0.0395674
-0.0936545, 0.0864668, -0.0216972
-0.0149505, 0.0795127, -0.0835131
-0.0471321, 0.0816974, -0.0575534
-0.113796, 0.0604191, -0.136441
-0.0926849, 0.087933, -0.0775595
-0.0634501, 0.0899656, -0.0140059
-0.087952, 0.0270947, -0.0970094
-0.0131159, 0.013012, 0.0106593
-0.051341, 0.0913571, -0.0661287
-0.0863644, 0.0902935, -0.0860212
-0.0277973, 0.0859262, -0.0287204
-0.073909, 0.0894633, -0.119822
-0.110681, 0.0727341, -0.12842
-0.0967183, 0.0642539, -0.158429
-0.118913, 0.0485473, -0.154051
-0.0832378, 0.0927224, -0.0277445
-0.0910496, 0.0882499, -0.0814526
-0.0225355, 0.0895682, -0.0471465
-0.0715028, 0.0720094, -0.0305554
-0.0555575, 0.0704575, 0.0187932
-0.0746075, 0.0849078, -0.0966196
-0.101995, 0.0664434, -0.150422
0.00543066, 0.0136333, -0.132729
-0.0475104, 0.0631538, -0.0598865
0.00268436, 0.0512643, 0.00348545
-0.0634666, 0.0930654, -0.0375893
-0.0696175, 0.0887696, -0.00410485
-0.0469154, 0.0843961, -0.12092
-0.0491149, 0.0912736, -0.0654384
-0.0765817, 0.0942952, -0.0271091
-0.0734402, 0.0894176, -0.120274
-0.0772804, 0.0894718, -0.12011
-0.0463794, 0.0709246, -0.140411
-0.0271317, 0.084106, -0.0650504
-0.125047, 0.0481795, -0.124314
-0.0557065, 0.0571064, -0.0069218
-0.0993467, 0.0669872, -0.132914
-0.0923301, 0.0894359, -0.0586342
-0.106883, 0.0827446, -0.0503678
-0.0298289, 0.0743349, -0.0205219
-0.0976185, 0.0648267, -0.011577
-0.0925409, 0.0793558, -0.0509598
-0.0660554, 0.083909, -0.0179595
-0.0794006, 0.0889709, -0.100059
-0.0386883, 0.0909084, -0.0307733
-0.0943163, 0.0651685, -0.159757
-0.0699346, 0.0928167, -0.00540717
-0.0070212, 0.0343906, 0.0205027
-0.0239993, 0.082136, -0.0622473
-0.0153755, 0.0823522, -0.0902779
-0.0579486, 0.0835827, -0.117975
-0.0943721, 0.0724031, -0.156392
-0.103043, 0.000667855, -0.161714
-0.0668295, 0.0871409, -0.0903402
-0.0549837, 0.0922029, -0.0586639
-0.0282746, 0.0868333, -0.0799072
-0.0842089, 0.0880499, -0.127911
-0.109332, 0.0768121, -0.0896024
-0.0785365, 0.0835219, -0.142372
-0.0945044, 0.0475534, -0.162809
-0.076812, 0.0384665, 0.0166084
-0.00748684, 0.0533392, -0.129547
-0.104935, 0.049572, -0.118409
-0.0309285, 2.98429e-006, -0.0945979
-0.0219157, 0.0727978, -0.0538305
-0.0674473, 0.0930762, -0.0615831
-0.0111512, 0.073415, -0.0331746
-0.0790901, 0.0855819, -0.13536
-0.06152, 0.093362, -0.0590747
-0.0251865, 0.0818822, -0.0875706
-0.0804967, 0.090216, -0.034379
-0.0714149, 0.0897066, -0.0924161
-0.0970057, 0.0839931, -0.135525
-0.0615059, 0.093165, -0.0594189
-0.128226, 0.038077, -0.124756
-0.0713385, 0.0892808, -0.105854
-0.0824111, 0.0916289, -0.0244997
-0.0440906, 0.0933685, -0.038483
-0.0801843, 0.0910065, -0.0821448
-0.0592399, 0.0909468, 0.00396027
-0.0895014, 0.0862172, -0.118337
-0.0234758, 0.0466688, -0.143352
-0.0576186, 0.0745572, -0.104979
-0.0996529, 0.0823707, -0.0780176
-0.0670578, 0.0939116, -0.0315725
-0.0790607, 0.0907993, -0.0603356
0.00783074, 0.0413371, -0.0341287
-0.0896425, 0.0893251, -0.0203124
-0.0639282, 0.0929534, -0.0650397
-0.0249043, 0.0733605, -0.109173
-0.0512522, 0.0913337, -0.0623578
-0.0960115, 0.0814863, -0.129181
-0.0675169, 0.0779983, 0.000545131
-0.0570129, 0.0894943, -0.107274
-0.0493878, 0.0910274, -0.0430228
-0.0629493, 0.0875177, -0.122354
-0.0917278, 0.0846874, -0.128637
-0.0191764, 0.0838227, -0.0463012
-0.105992, 0.0768692, -0.142226
-0.0742075, 0.0809278, -0.143856
-0.0342959, 0.0408129, -0.135927
-0.0583562, 0.0941461, -0.0201348
-0.0981713, 0.0861341, -0.100988
-0.0441365, 0.0854335, -0.101974
-0.0679866, 0.0817154, -0.0120975
-0.0742404, 0.0840681, -0.134397
-0.111409, 0.0822097, -0.075151
-0.0514387, 0.0898793, -0.0811276
-0.0474498, 0.0913895, -0.0718955
-0.0343748, 0.0923262, -0.0341321
-0.0138658, 0.0617996, -0.117861
-0.0314757, 0.0651424, -0.0160222
-0.071216, 0.0912967, -0.09992
-0.067226, 0.0926305, 0.00221711
-0.0822701, 0.0881759, -0.123283
-0.0828903, 0.092434, -0.0549031
-0.109686, 0.0846842, -0.0539145
-0.112939, 0.0671568, -0.0764932
-0.0544156, 0.0918176, -0.075242
-0.116906, 0.0754754, -0.0450993
-0.0343703, 0.0720128, -0.133444
-0.0339454, 0.0554291, -0.135441
-0.0589255, 0.0879683, -0.0516478
-0.00115344, 0.0319368, -0.0644972
-0.0452569, 0.0786743, -0.119561
-0.0613919, 0.0922972, -0.0801217
-0.0763781, 0.0868784, -0.130318
-0.0938863, 0.0884288, -0.0178927
-0.0424873, 0.0849758, -0.070156
-0.0828451, 0.0636904, -0.0634429
-0.0533352, 0.0895934, -0.0674551
-0.0811565, 0.0924665, -0.0590984
-0.0479855, 0.0577739, -0.142223
-0.0763529, -0.015632, -0.0718637
-0.0549596, 0.0875936, 0.00958534
-0.0834766, 0.086334, -0.135685
-0.0603396, 0.090889, -0.0999642
-0.0770218, 0.0870063, -0.0637188
-0.0346871, 0.0919494, -0.016092
-0.0197022, 0.0820861, -0.0942517
-0.0569976, -0.0425924, 0.0180272
-0.0794353, -0.00994348, 0.0237131
-0.112031, -0.0429826, 0.0199412
-0.0257737, -0.0651316, 0.0240687
-0.0708276, 0.0290408, 0.0202423
-0.0477462, 0.0157643, 0.0192973
-0.104732, -0.109807, 0.0158424
-0.0636031, -0.0103872, 0.0198155
-0.0501858, -0.0881878, 0.026553
-0.0733377, -0.139358, -0.0260711
-0.0727038, -0.110763, 0.0115747
-0.00931011, 0.0416394, 0.0203071
0.00119402, 0.0343932, -0.0164561
-0.0583981, -0.104373, 0.0237095
-0.114665, -0.0427089, 0.0281457
-0.044858, -0.0780746, 0.027073
-0.0224521, 0.057422, 0.0167127
-0.0561954, -0.0779288, 0.0206187
-0.00377897, -0.0171914, 0.0325699
-0.0633972, -0.0700787, 0.0158497
-0.0392893, 0.0490917, 0.0181852
-0.0831286, -0.127015, 0.0112951
-0.0633723, -0.0332687, 0.0179604
-0.0592841, 0.021844, 0.0202001
-0.110008, -0.0382598, 0.0297284
-0.118596, -0.0870106, 0.0166313
-0.123661, -0.0905845, 0.0133836
-0.0491344, 0.00431478, 0.0172126
-0.104474, -0.0856588, 0.0174982
-0.138625, -0.045563, -0.00877548
-0.0974444, -0.123637, 0.0140661
-0.0698576, -0.126436, 0.00345938
-0.102909, -0.0053232, 0.0243976
-0.0833525, -0.068621, 0.0182528
-0.0902259, -0.0890207, 0.0176153
-0.0963516, 0.00283881, 0.025493
-0.0458825, -0.0945983, 0.0300229
-0.0715077, -0.0987515, 0.0164384
-0.00456166, -0.00696767, 0.0297349
-0.0626871, -0.0325413, 0.0169934
-0.0189447, -0.0770153, 0.0376713
-0.0560164, 0.0306875, 0.0093647
-0.068392, 0.00213164, 0.020724
-0.03171, -0.0591483, 0.0184591
-0.0853715, -0.119913, 0.0178482
-0.0540638, -0.0232318, 0.0180752
-0.0752195, -0.00890926, 0.0109798
-0.110977, -0.0866538, 0.0098504
-0.0288287, -0.102986, 0.0346472
-0.00577341, 0.000991345, 0.0283233
-0.0655847, 0.0319245, 0.0198704
-0.0418359, 0.0243384, 0.0186315
-0.0312028, -0.0550874, -0.0115315
-0.0782016, -0.100214, 0.0204316
-0.00690886, -0.0647082, 0.0110576
0.0042167, -0.042247, 0.0397587
-0.138295, -0.0301122, -0.00484985
-0.095594, -0.135532, -0.00331964
-0.0207335, -0.0891396, 0.0260361
-0.0502482, -0.0529389, 0.0171836
-0.0506014, -0.0251982, 0.0188709
-0.0186572, -0.0309874, 0.0300078
-0.0219829, 0.00151076, 0.0172799
-0.0144577, -0.0479561, 0.0143707
0.00532182, -0.0737769, 0.0215404
-0.0394863, 0.0174823, 0.0199078
-0.0656776, -0.00263511, 0.00799161
-0.0703779, -0.0880089, 0.0135783
-0.105636, -0.11884, 0.00992866
-0.0112158, -0.0635246, 0.0264731
-0.131821, -0.0963655, 0.0239562
0.000804458, -0.0618531, 0.0355326
-0.120419, -0.0326863, 0.0262651
-0.0519128, 0.00447765, 0.0195162
-0.0541608, 0.055565, 0.0176846
-0.00533345, -0.0597685, 0.0233152
-0.0813981, 0.0124393, 0.00223719
-0.0909281, -0.0764002, 0.0129401
-0.0432519, -0.012027, 0.0196495
0.000589722, -0.0917198, 0.0340891
-0.0986299, -0.127695, 0.0125533
-0.0210579, 0.0302044, 0.0218058
-0.0688413, -0.0589497, 0.0188771
-0.0480704, 0.0699236, 0.0150953
-0.0106693, -0.0709016, 0.0196894
-0.0324801, -0.00681245, 0.0209744
-0.11545, 0.0142923, 0.0184089
-0.100943, 0.0508286, 0.0167917
-0.117951, -0.0591099, 0.0184099
-0.121777, 0.0346496, 0.00955529
-0.108, -0.0922815, 0.0183586
-0.0668504, -0.136388, 0.00713652
-0.0499456, -0.0347644, 0.0176579
-0.0620362, -0.0952023, 0.0223452
-0.0692255, -0.00610573, 0.01296
-0.134506, -0.104896, -0.00522449
-0.0213395, -0.101231, 0.0378099
-0.111348, -0.00319108, 0.0183195
-0.0804724, -0.117214, 0.0217386
-0.0152652, 0.000107368, 0.0250955
-0.0852089, -0.033277, 0.0203124
-0.00226244, 0.0388006, 0.0096538
-0.134299, -0.0802628, 0.02282
-0.0903323, -0.0602744, 0.0144337
-0.0776532, -0.012842, 0.011739
-0.0637744, 0.00891084, 0.0181754
-0.00735894, -0.0289637, 0.0213101
-0.0581007, -0.0416649, 0.0184437
-0.0153279, 0.00378945, 0.0205733
0.00542691, -0.028089, 0.0230972
-0.120744, -0.0371075, 0.0226537
-0.0126465, -0.0282448, 0.000938735
0.000200728, -0.0368152, 0.031934
-0.0646288, -0.100332, 0.0193088
-0.017924, -0.0969689, 0.0388176
-0.1108, 0.0637123, -0.033962
-0.0979336, -0.138286, -0.0150673
-0.11888, -0.0940532, 0.0192545
-0.063912, -0.00544947, 0.0156691
-0.0706958, -0.0133638, 0.0212732
-0.0809492, -0.0964838, 0.0195845
-0.0240932, -0.0466716, 0.0182581
-0.0946978, -0.105631, 0.0142915
-0.0276509, -0.0482508, 0.0163449
-0.106084, -0.00506051, 0.0211325
0.0205003, -0.0366971, -0.0401955
0.0059524, -0.022536, 0.0358472
0.00718344, -0.0604022, 0.0380603
-0.0404446, 0.0455106, 0.0178456
-0.104568, -0.109019, 0.0149276
-0.0696319, -0.0659396, 0.0124108
-0.0519171, 0.0496122, 0.0180561
0.00803735, -0.0520144, 0.0368337
-0.0361793, -0.0578631, 0.027039
-0.0101716, 0.0101372, 0.0194876
-0.108493, 0.0141048, 0.0240923
-0.0391423, -0.0599714, 0.024136
-0.0476537, -0.0767764, 0.0166147
-0.0547055, -0.133391, 0.0183465
-0.0893209, -0.0724232, 0.0140529
-0.12942, -0.0898262, 0.00557125
-0.0465008, -0.013567, 0.018586
-0.0515549, -0.00882837, 0.0176855
-0.00333551, -0.0727134, 0.0387208
-0.113069, -0.0366142, 0.0224977
-0.0581658, -0.0375775, 0.0122091
-0.0414223, -0.0338233, 0.0212432
-0.116885, -0.0938823, 0.0226218
-0.109289, -0.0811426, 0.0171704
-0.0890556, 0.00461709, 0.0228558
-0.0761013, -0.0135495, 0.0232409
-0.0187296, -0.0362805, 0.0287017
-0.00838943, -0.0505426, 0.0350818
-0.0130784, -0.00888817, 0.0055132
-0.0139885, -0.0186912, 0.029489
-0.0970579, -0.132715, 0.00863007
-0.0568196, -0.0536156, 0.0201262
-0.0920668, -0.0293972, 0.0145869
-0.117892, -0.049727, -0.0144226
-0.0181171, 0.0792736, 0.00225449
-0.00240477, -0.0277758, 0.0304506
-0.136802, -0.0396518, 0.0116541
-0.0293456, -0.0961034, 0.0199704
-0.0490055, -0.0746752, 0.0121505
-0.0800262, -0.0951107, 0.0190189
-0.0358313, 0.0251246, 0.0131374
-0.0899392, 0.0118911, 0.0225911
-0.052649, -0.0928831, 0.0137825
-0.0393252, 0.05923, 0.00992794
-0.13954, -0.017609, -0.0238187
-0.072752, -0.095586, 0.0192533
0.00224547, -0.0962437, 0.0343018
-0.0116282, -0.0347159, 0.020291
-0.00674261, -0.0919056, 0.0220428
-0.0246336, -0.00738704, 0.0245008
-0.119839, -0.0894409, 0.0248008
-0.0651501, -0.0706837, 0.0164146
0.00538607, -0.0392298, 0.0286919
-0.0957203, -0.0232703, 0.0176951
-0.113091, -0.120275, 0.00410267
-0.00371774, -0.0335686, 0.0339118
-0.0604175, -0.0588751, 0.0188927
-0.111477, -0.0918254, 0.0171728
-0.0191739, -0.0128683, 0.0266059
-0.113272, -0.0777217, 0.0277463
-0.0449943, -0.0971353, 0.00165785
-0.0183929, 0.0492451, 0.0191865
-0.0817065, -0.0962795, 0.0146691
-0.101192, -0.0679043, 0.024834
-0.125467, -0.0350027, 0.0274372
-0.0377413, 0.0192998, 0.0192484
-0.0221735, 0.0465446, 0.0191418
0.00675014, -0.0767938, 0.00213497
-0.0936504, -0.116355, 0.0134528
-0.062685, 0.0101505, 0.0208054
-0.013246, 0.0142571, 0.0220864
-0.127653, -0.0554063, 0.0239962
-0.108859, -0.0355179, 0.0137679
-0.00942952, -0.035791, 0.00477445
-0.00525493, 0.00375197, 0.0280237
-0.0366513, -0.0228355, 0.00464116
-0.0432584, -0.111145, 0.0104218
-0.0416586, -0.0187918, 0.0208661
-0.00392031, 0.0025305, 0.0287966
-0.112172, -0.0797599, 0.0179913
-0.0790165, -0.0525743, 0.0117343
-0.119774, -0.0815871, 0.0121101
-0.0649289, -0.13128, 0.0081454
-0.0375143, 0.0191223, 0.0196867
-0.120425, -0.0518226, 0.0136793
-0.124265, -0.0875276, 0.00843464
-0.000936147, -0.0850499, 0.0136921
-0.0921801, 0.00959864, 0.0208215
-0.103195, -0.0853293, 0.0214044
-0.075684, -0.10315, 0.0209969
-0.112849, -0.0672925, 0.00630834
-0.119072, -0.0228432, 0.0261896
-0.0186189, 0.0547147, 0.0160373
-0.0613493, -0.0763516, 0.01675
-0.0633733, -0.0783049, 0.0199203
-0.0394516, -0.00587494, 0.0116833
-0.0373666, -0.132163, -0.00126061
-0.0105375, -0.0905325, 0.00624473
-0.0240016, 0.000876672, -0.00889799
-0.085342, -0.0888178, 0.0178102
-0.0925385, -0.095344, 0.0175497
-0.0788618, -0.0625214, 0.0112346
-0.0936028, -0.0525371, 0.0207576
-0.0578766, -0.0225626, 0.0179031
0.000188059, 0.0389667, 0.0137807
0.00367281, -0.0421622, 0.0332098
0.0150426, -0.0316756, 0.019866
-0.0970826, -0.102132, 0.013414
-0.00258604, 0.018052, 0.0237084
-0.0299738, -0.0111312, 0.0166602
-0.0207421, -0.070048, 0.0216673
-0.0494979, -0.0926028, 0.0274235
-0.0709056, -0.0522042, 0.0169652
-0.101273, -0.0244095, 0.00450014
-0.0784823, 0.0319018, 0.0220773
-0.0679573, -0.0636061, 0.0110215
-0.00254602, -0.0911346, 0.00351068
-0.00706991, -0.096923, -0.0180471
0.00211534, -0.11883, 0.00361384
-0.0439821, -0.04846, 0.0224987
-0.0448135, -0.0857874, 0.0191007
-0.131438, -0.0440179, 0.0179281
-0.00580293, -0.0147825, 0.0309721
-0.0746553, -0.0043347, 0.0112195
-0.0982023, 0.0658231, 0.0170299
-0.0936933, 0.0252254, 0.00914059
-0.096889, -0.120037, 0.0115188
-0.0979425, -0.113655, 0.0125069
-0.0962037, 0.0691624, 0.0128737
-0.0290892, -0.111177, 0.0206204
-0.106117, -0.128061, 0.00872909
-0.0242735, 0.0260788, 0.00565646
-0.120051, -0.0925401, 0.000357104
-0.131744, -0.0920901, -0.0228538
-0.0521883, -0.0829834, 0.0246681
-0.0365275, -0.0559389, 0.0249903
-0.00625021, -0.11333, 0.0317639
0.000662605, 0.00785578, 0.0280009
-0.0624526, -0.116338, 0.00814155
-0.0712386, -0.0948213, 0.0200806
-0.102093, -0.111202, 0.0164063
-0.121268, -0.13013, -0.00296407
-0.0702495, 0.086137, 0.0114466
-0.0498291, -0.0100145, 0.0182822
-0.0905306, -0.0253248, 0.0214612
-0.0270232, -0.0581188, 0.0171605
0.00486973, -0.083928, 0.0369467
-0.0928429, 0.0138494, 0.0103935
-0.111064, -0.0723568, 0.0284461
-0.0396357, -0.0549564, 0.00645115
-0.0433765, -0.0846592, 0.0272181
-0.032803, -0.0296628, 0.0178139
-0.0888791, -0.0928007, 0.0162455
-0.0299536, -0.0801822, 0.0137169
-0.111031, -0.0933612, 0.0199756
-0.0729057, -0.139754, -0.0428018
-0.130316, -0.0817159, 0.0255632
0.00791223, -0.0290944, 0.0368632
-0.0967706, -0.0445875, 0.0191049
-0.109679, -0.0883436, 0.019255
-0.0963128, 0.00820831, 0.0209295
-0.0513673, -0.0928968, 0.0173944
-0.03139, -0.00249072, 0.01925
-0.0856645, -0.0308253, 0.0139966
-0.0541502, 0.00450674, 0.0196715
-0.0202559, 0.0376367, 0.0209224
-0.0556485, -0.085344, 0.0217955
-0.119774, 0.00344596, 0.00549819
-0.0195968, 0.0070191, 0.0186066
-0.111474, -0.00978905, 0.0259992
-0.00528118, -0.0474859, -0.0136126
-0.0706989, -0.0857955, 0.0161989
-0.0854051, 0.00217127, 0.0236397
-0.0792324, -0.0620915, 0.0162423
-0.0949709, 0.024239, 0.0131958
-0.0634262, -0.103899, 0.0241669
-0.063835, 0.0725821, -0.0133028
-0.0955928, -0.00335624, 0.0202277
-0.0808363, -0.0526473, 0.0149724
-0.0362269, 0.028619, 0.0186256
-0.0825557, -0.0973082, 0.014029
-0.0273353, -0.0405287, 0.0213321
-0.0540962, -0.0536899, 0.0191265
-0.0216541, -0.0347136, 0.0170076
-0.0951459, -0.104587, 0.0160319
-0.00642592, -0.076262, -0.00679072
-0.0745245, -0.115748, 0.0233925
-0.0704165, -0.0728692, 0.0176661
-0.0178423, -0.0909226, 0.0391487
-0.0351896, -0.112036, 0.0313971
-0.00912687, 0.0282724, 0.0121528
-0.0789845, -0.0279502, 0.0146955
-0.00948947, -0.0667192, 0.0398398
-0.0425077, 0.0229424, 0.0198024
-0.0638489, 0.0147692, 0.010103
-0.0211038, -0.123857, 0.0179711
-0.045409, -0.0467515, 0.017022
-0.00567745, -0.073632, 0.0267397
-0.0729769, -0.0757492, 0.0188252
-0.0673106, 0.0175747, 0.0181215
-0.0851247, 0.0332127, 0.00823664
-0.10071, -0.0991395, 0.0167194
-0.0116064, -0.060839, 0.0381666
-0.0686875, -0.00845053, 0.013291
-0.0512096, -0.0387275, 0.0192398
-0.0913571, -0.0473219, 0.00850808
-0.0528336, -0.0175847, 0.0181148
-0.105617, -0.0368776, 0.0148606
-0.0987517, -0.0467433, 0.0101698
-0.0932851, -0.0841307, 0.0152477
-0.0846972, -0.0996632, 0.0165966
-0.0852056, -0.0824559, 0.0177858
-0.0366477, 0.0737714, 0.0153735
-0.0505807, 0.0147482, 0.0195886
-0.129052, -0.0506872, 0.00488059
-0.030289, 0.080122, 0.0046765

