0.0108981, -0.032111, -0.157601
0.0148825, 0.0621503, -0.0880721
0.0183539, -0.105155, -0.0391654
0.0123905, -0.0838752, 0.0250911
0.0119335, -0.0481704, 0.00278009
0.00641689, -0.127974, 0.000894858
0.0124714, -0.067102, -0.146904
0.0014565, -0.113826, -0.139499
-0.00287771, -0.0903096, 0.0213158
0.0109787, -0.0316049, -0.0785239
0.010715, -0.0627629, -0.107182
0.00681814, -0.0458557, -0.10473
0.00272757, -0.0411178, -0.100596
0.00713443, -0.00997703, -0.0603558
0.0103179, -0.0555515, -0.12532
0.0116708, -0.0492438, -0.141039
0.00472874, -0.019084, -0.0644265
0.0108103, -0.0959964, -0.142993
0.0138466, 0.0412892, -0.0367474
0.0223258, -0.065348, -0.0528198
0.00652527, 0.0403584, -0.137874
0.016272, 0.0160664, -0.0170813
0.0146305, 0.0336321, -0.0394716
0.0151995, 0.00595026, -0.00833491
0.014853, -0.0829438, -0.131667
0.0132198, 0.0482082, -0.0322633
0.00345294, -0.0477275, -0.0479973
-0.00249357, 0.0477165, -0.15648
0.0178995, -0.0717458, -0.0241168
0.00298663, -0.0732361, -0.0194968
0.00953808, -0.0328664, -0.134272
0.0196535, -0.0895082, 0.00286647
0.00430302, 0.0123873, -0.113202
0.00760133, 0.0267824, -0.132279
0.00669058, -0.133641, -0.0517813
0.0068484, -0.0896048, -0.0769171
0.00562742, -0.0861444, 0.0129713
0.0089745, 0.00571128, -0.146876
0.00549692, -0.0415488, -0.0901965
0.0104841, -0.0458703, -0.118312
0.0173898, -0.0626136, -0.133046
-0.0120188, 0.0751251, -0.0470246
0.00512493, -0.0673226, -0.0266173
0.0106019, -0.0283013, -0.131292
0.00833917, -0.0449103, -0.109103
0.0165978, -0.0793777, -0.142002
0.0053009, -0.0342739, -0.106041
0.0220219, -0.105692, -0.0149568
-0.0200605, -0.130371, -0.130551
0.0257051, -0.109999, -0.0581364
0.00903846, -0.00322643, -0.146684
0.0115239, -0.0621289, -0.122247
0.00424857, -0.0642774, -0.0385825
0.0126619, -0.0899801, -0.12961
-0.0385974, -0.000562787, -0.157971
0.00601731, -0.0696032, -0.0770745
0.00811162, -0.02461, -0.126302
0.00656196, -0.0335542, -0.0893134
0.0115248, 0.0267863, -0.0615852
0.0031844, -0.00622781, -0.0726495
0.00795185, -0.0432483, -0.0361948
0.0190753, -0.0811603, -0.106771
0.00699207, -0.0440609, -0.0205326
0.00511347, 0.0325666, -0.120391
0.0159063, -0.0862201, -0.0326695
0.00828591, -0.0935743, -0.106019
0.0165617, -0.0857938, -0.150486
-0.000284978, -0.131765, -0.0742278
0.00362248, -0.0805153, -0.00566932
0.00629302, -0.037007, -0.160226
-0.0133879, -0.128612, -0.137973
0.0105986, -0.0780685, -0.115064
0.0108069, -0.0827259, -0.113116
0.0107164, -0.0580633, 0.00181792
-0.00534734, -0.0671244, 0.00353966
0.00371961, -0.0789323, -0.0242569
0.0117873, -0.0515207, -0.141035
0.0136027, 0.0552871, -0.085876
0.0262025, -0.0795119, -0.032735
0.0146851, -0.00103099, -0.0782543
0.011264, 0.0566201, -0.075287
0.00419562, 0.0234844, -0.100168
0.0133435, 0.0168868, -0.0277305
0.0253012, -0.0978539, -0.0327876
0.00780187, 0.0183532, -0.118041
0.0162661, -0.0879772, -0.124933
0.0153525, -0.078907, -0.155424
0.00901417, -0.11822, -0.0850234
0.0121665, -0.112068, -0.130256
0.00984619, -0.112062, -0.125813
0.0111783, -0.0814094, -0.118739
0.0109809, 0.0402735, -0.0585043
0.0137023, -0.113061, -0.143688
0.0101182, 0.0701727, -0.0558517
0.00877209, 0.0686026, -0.114529
0.0135184, -0.00434323, -0.00957544
0.0128914, -0.0314889, -0.149255
0.0037619, 0.0151336, -0.0909601
-0.0348111, -0.144487, -0.00807805
0.0125082, -0.0857113, -0.110365
0.0140828, 0.0407498, -0.0583053
0.00909693, -0.0602593, -0.104339
0.0101376, -0.0930883, -0.00185387
0.00443326, -0.0760577, -0.0999355
-0.0012037, 0.00385001, -0.0987699
0.0174643, -0.0818633, -0.0191957
0.0119711, -0.105795, -0.149627
0.00746435, -0.111812, -0.0611704
-0.00146112, 0.0232168, -0.145772
0.017434, 0.00588784, -0.08862
-0.0115116, -0.129901, -0.120018
0.0112676, 0.0229997, -0.038756
0.0101969, -0.0193898, -0.0602556
0.00136769, -0.101846, -0.10593
0.00268836, -0.116565, -0.14666
0.00545132, -0.0251182, -0.0495932
0.00517893, -0.0897331, -0.066393
0.0159719, 0.0368798, -0.1079
0.020411, -0.101633, -0.0151099
0.0115097, -0.0214099, -0.14758
0.0126889, -0.0497876, -0.128989
0.00590743, -0.0577984, -0.15929
0.00928058, -0.00617939, -0.154994
0.00865412, -0.119794, -0.0879368
0.00382238, -0.0578324, -0.0274353
0.00936376, -0.0198844, -0.109675
0.012677, -0.104079, -0.0972638
0.0186134, -0.0647056, -0.111232
0.0211142, -0.105277, 0.00456039
0.0097685, 0.0384985, -0.0598295
0.0165262, -0.0984492, -0.108419
0.00016652, -0.104175, -0.0200078
0.0164308, -0.0614433, -0.149309
0.011461, -0.0212414, -0.084461
0.0102541, 0.0386297, -0.0568732
0.0127031, -0.00953211, -0.0103216
0.0046234, -0.0660991, -0.0752162
0.00453936, -0.00951903, -0.105803
0.00437959, -0.0195758, -0.0507608
0.00456812, 0.0275262, -0.141052
0.0146113, 0.0473534, -0.0738633
0.0155359, -0.101521, -0.124827
-0.012131, -0.121009, -0.0407532
0.0111008, 0.0179534, -0.0585841
-0.00482425, -0.125625, -0.128225
0.0123894, -0.042793, -0.129362
-0.00215697, -0.115549, -0.149248
0.0112127, -0.00624142, -0.118789
0.0117194, -0.073954, -0.147565
0.0236142, -0.0745055, -0.0987928
0.0115607, -0.109281, -0.09568
0.00355663, -0.0166831, -0.0947592
-0.000808242, -0.131187, -0.129379
0.00405547, -0.0200284, -0.0520543
0.0176501, -0.0163798, 0.00924665
-0.00947998, 0.0410869, -0.157719
0.0099654, 0.0643338, -0.109484
0.00525301, -0.0496969, -0.0957682
0.0248874, -0.060635, -0.0504721
0.00584284, -0.0507727, -0.0238364
0.0145276, 0.0406962, -0.100992
0.00747192, 0.0181718, -0.09132
0.00354861, -0.0695581, -0.0632141
-0.00117251, -0.111424, -0.0357812
0.0235621, -0.0609937, -0.0974923
0.0196987, -0.0323387, -0.0761095
0.00542998, -0.0353004, -0.106202
0.00720122, -0.118906, -0.0792708
0.00879583, -0.117037, -0.121089
0.0107751, 0.015783, -0.093538
0.0232393, -0.0519392, -0.00432578
0.00943205, -0.00902915, -0.146352
0.00447186, -0.050871, -0.0322351
0.01698, -0.103217, -0.120358
0.0132832, -0.108098, -0.133069
0.0194647, -0.0920131, -0.0402876
0.0176909, -0.113397, -0.133233
0.0150456, -0.0562275, -0.145484
0.0123443, -0.0490664, -0.135532
0.0128613, -0.131114, -0.0353187
0.00129274, -0.0879766, -0.0297832
0.0106999, -0.0305845, -0.130247
0.00260676, -0.0160395, -0.0698928
0.0189112, -0.0673992, -0.129722
0.00269316, -0.0986622, -0.0505188
0.00755992, -0.0377473, -0.0961994
0.00121637, 0.0723229, -0.103868
-0.0169152, 0.0364664, -0.143771
-0.037143, -0.140023, 0.0278445
0.0133635, -0.0850728, -0.0432014
0.0108815, -0.0547373, -0.116349
0.0185207, -0.0187976, -0.0575311
0.0104011, -0.0177239, -0.155095
-0.000594015, -0.108515, -0.0243603
0.0131179, -0.10712, 0.0229686
0.0132496, 0.0173453, -0.0747047
0.0117871, -0.111757, 0.0190806
0.00450445, -0.117403, -0.00681724
0.0115063, -0.023911, -0.155121
0.0065484, -0.0381859, -0.115168
0.014811, -0.0566727, -0.147434
0.00824974, 0.0313175, -0.130127
0.0194642, -0.00493222, -0.0713097
0.00284615, -0.0437454, -0.0440339
0.0115374, 0.0160311, -0.0612153
0.00927443, 0.00255527, -0.0782898
0.00779673, 0.0733605, -0.0294016
0.0087364, -0.0692328, -0.0974094
0.00251173, -0.122434, -0.136017
0.00301559, -0.101053, -0.00805753
0.00826173, -0.12016, -0.144747
0.0067552, 0.0692894, -0.125537
0.0144391, 0.0091842, -0.110429
0.0126974, -0.107161, -0.1151
0.000552278, -0.104472, -0.0226729
0.00774752, -0.00791929, -0.0722659
0.0076447, 0.00527135, -0.139654
0.0135157, -0.0880576, -0.154682
0.00316143, -0.0252294, -0.0576581
0.00467651, -0.104483, -0.0475059
0.0056481, -0.0348524, -0.107798
0.00543654, -0.0739532, -0.0657194
0.0154066, -0.0912548, -0.131427
0.00994456, 0.0354723, -0.00438285
0.00599991, -0.119525, -0.133628
0.019233, 0.010028, -0.0504478
-0.0104352, -0.0185835, -0.160234
0.0188521, -0.0252922, 0.00141453
-0.00324168, -0.120244, -0.0186947
0.011556, -0.0802516, -0.10608
0.0012479, -0.1291, -0.116168
0.0126179, -0.115597, -0.100959
0.00285049, -0.0724899, -0.0500928
0.00995406, 0.0216965, -0.0896362
0.0159272, -0.0639154, -0.130967
0.0143831, 0.0404501, -0.0660532
0.0130533, 0.0361634, -0.0806762
0.00713804, 0.059033, -0.105889
-0.0146906, -0.13405, -0.0480186
0.0153829, -0.1194, -0.134087
0.010214, 0.0682094, -0.109287
0.00364328, -0.0943929, -0.148079
0.00418749, 0.0236245, -0.101954
0.00999679, -0.0415564, -0.128241
0.0162424, -0.012213, -0.010754
0.00796488, -0.0443341, -0.100363
0.0071723, -0.0655295, -0.0896665
-0.0241869, -0.133315, -0.0196647
0.0125534, 0.0483045, -0.0595738
0.0055894, 0.0210922, -0.156851
0.00778225, -0.130257, -0.0341346
0.00642011, -0.0337143, -0.101592
-0.0190756, 0.0885818, -0.0623393
0.00699589, -0.0759761, -0.0871123
0.00305319, -0.054318, -0.157811
0.0118526, -0.100512, -0.152344
0.00851728, -0.127913, -0.133898
0.00776116, 0.00872232, -0.145799
0.00384698, -0.0718524, -0.0731906
0.0117105, -8.75819e-006, -0.0888469
0.0114038, -0.124105, -0.12949
0.00486733, -0.0746723, -0.0778164
0.00552567, 0.0197111, -0.129444
0.0110256, -0.0583828, -0.0917753
0.00829362, 0.0139496, -0.056036
0.0158537, -0.0787287, 0.00775575
0.0137304, -0.113335, -0.0348743
-0.0127721, -0.136936, -0.0312571
0.00436495, -0.0378104, -0.0444561
-0.00140573, -0.128202, 0.0165812
0.0102549, -0.0563697, -0.127162
0.0151183, 0.0192343, -0.0154172
0.0086894, -0.0236066, -0.133859
0.00938443, -0.0168992, -0.156968
0.0182295, -0.034797, -0.125071
0.00908012, -0.0297564, -0.117126
0.00261367, -0.0960263, -0.0532433
0.00850316, -0.0122002, -0.138237
0.00530276, -0.0919815, -0.143766
0.00910984, -0.103927, -0.0366912
0.0235149, -0.0458883, -0.0399714
0.00630514, -0.0436595, -0.0973272
0.0137262, -0.0511951, -0.1339
0.00964221, -0.020039, -0.0678044
-0.0777253, -0.083897, -0.142353
0.00539897, 0.0252788, -0.111122
0.00391432, 0.0144789, -0.108223
0.00543354, 0.0197401, -0.0985867
0.0133193, -0.0139325, -0.00524496
0.0104398, -0.0737474, -0.102237
0.00553881, -0.088409, -0.0326872
0.00407774, -0.0175844, -0.068202
0.0129025, 0.00389358, -0.0577683
0.0230032, -0.0520355, 0.00024864
0.00693372, -0.00288021, -0.053897
0.0237628, -0.0757074, -0.0654439
0.00776747, 0.0223367, -0.147175
0.0101744, -0.0296258, -0.0679701
0.00725993, -0.00815784, -0.130748
0.0133402, -0.0709409, -0.139129
0.0156892, -0.0706042, -0.132924
0.0055038, -0.0405319, -0.024723
0.00266706, -0.127184, -0.0510774
0.0158817, 0.0159044, -0.0489437
0.0159192, -0.0824743, -0.150715
0.012672, 0.00540668, -0.0217671
0.00595128, -0.0133263, -0.0407257
0.0127039, -0.108032, -0.101467
0.0127107, 0.00815114, -0.0748059
0.00297892, -0.0870305, -0.0586577
0.00557986, -0.0360138, -0.0879572
0.00718888, -0.0325503, -0.0883062
0.0186267, 0.0250046, -0.0911298
0.00995422, -0.0743311, -0.105789
0.00518852, -0.0543507, -0.0625318
0.00524414, -0.00949228, -0.160235
0.016297, -0.0673297, -0.1384
-0.022502, -0.0777362, 0.0283577
0.00534311, 0.07177, -0.134035
0.00813028, -0.106303, 0.0253187
0.0123765, -0.0726442, -0.131346
-0.00397595, -0.132909, -0.0842745
-0.00329003, -0.132331, -0.0712841
0.0195004, 0.0330951, -0.0739585
-0.0202876, -0.122723, -0.146081
0.00304067, -0.00575481, -0.0940989
0.0116596, -0.125994, 0.0190097
0.00445658, 0.0178693, -0.0900861
0.00624627, 0.0145343, -0.0653952
0.00844259, -0.00574134, -0.0566293
0.00866455, -0.0745711, -0.0617432
0.0200828, -0.0023, -0.0754246
0.0124963, -0.0332332, -0.152313
0.0147701, -0.0326257, -0.14332
0.0178857, 0.0173188, -0.0464457
0.00490244, 0.0532825, -0.141185
0.00245553, -0.0756127, -0.022125
0.000510441, -0.120567, -0.146181
0.00752427, 0.00178358, -0.156859
0.0129037, -0.0866477, -0.11153
0.0107629, -0.043684, -0.137933
0.000234191, -0.105416, -0.0361241
-0.0196771, 0.0962661, -0.0847222
-0.0455642, 0.0958889, -0.0552292
-0.0451658, 0.0774589, -0.0613565
-0.0350489, 0.087422, -0.0662242
-0.0555139, 0.0765537, 0.0172334
-0.0581337, 0.0842693, -0.131028
-0.0706742, 0.0864827, -0.105738
0.0152739, 0.0314922, -0.0400834
-0.0744069, 0.083953, -0.0696185
-0.0609138, 0.0929712, -0.0170871
-0.0853708, 0.030997, -0.143433
-0.0517669, 0.09466, -0.0287158
-0.0506459, 0.0948369, -0.0551697
-0.0913433, 0.0910915, -0.0642033
-0.0120959, 0.0699215, -0.0569324
-0.0726776, 0.0212244, -0.153895
-0.111772, 0.085848, -0.0561748
-0.025698, 0.0906467, -0.0792617
-0.100172, 0.0692902, -0.130213
-0.0925494, 0.0855099, -0.104593
-0.104145, 0.0918777, -0.0208306
-0.0247931, 0.0218515, -0.148539
-0.0498068, 0.0933632, -0.0147044
-0.0315368, 0.0943426, -0.08455
-0.10026, 0.0857397, -0.0252072
-0.0509767, 0.0858812, -0.116206
-0.058085, 0.0875685, -0.0866063
-0.0229219, 0.0912737, -0.0551554
-0.011922, 0.0797872, -0.138217
-0.0311414, 0.0896132, -0.0952343
-0.00417784, 0.0787656, -0.0199974
-0.0707824, 0.0938618, -0.0882817
-0.0853143, 0.0707745, -0.137031
-0.0520812, 0.0917746, -0.0875177
-0.00374825, 0.0843313, -0.131384
-0.00949352, 0.0931959, -0.111221
-0.0521763, 0.0615336, 0.00459469
-0.0446966, 0.052914, -0.150587
-0.0531501, 0.074334, -0.136448
-0.0301409, 0.0508755, -0.155302
-0.07561, 0.0944249, -0.0264513
-0.0770072, 0.0923551, -0.0860602
-0.0106424, 0.0801003, -0.0189158
-0.061983, 0.0949063, -0.0696532
-0.0668197, 0.0799094, -0.116935
-0.0233056, 0.0921013, -0.116549
-0.0284831, 0.0953389, -0.103428
-0.0853753, 0.0806837, -0.0171723
-0.0580151, 0.0888468, -0.118821
-0.0467512, 0.0884222, -0.014757
-0.0527103, 0.0863036, -0.129098
-0.0969567, 0.0682955, -0.130929
-0.114275, 0.0780258, -0.071022
-0.11281, 0.0786569, -0.0745854
-0.0634791, 0.0947084, -0.0439798
-0.0479647, 0.0954018, -0.0713816
-0.108279, 0.0843934, -0.035166
-0.0261645, 0.0956239, -0.0983038
-0.0770481, 0.0903081, -0.0772232
0.00346677, 0.0699962, -0.115369
-0.0660584, 0.0817583, -0.129181
-0.0099348, 0.078157, -0.0714493
-0.0587548, 0.0549885, -0.138628
-0.0530954, 0.0757999, -0.143268
-0.0358087, 0.0868604, -0.0705478
-0.0482914, 0.0898904, -0.12846
-0.0336524, 0.0943926, -0.110408
-0.0297473, 0.0909564, -0.0184033
-0.0547432, 0.0913611, -0.123602
-0.0941797, 0.0905435, -0.0599622
-0.0682022, 0.0790679, 0.0130978
-0.0644609, 0.0871036, -0.0573203
-0.118473, 0.0766559, -0.0654553
-0.0250436, 0.0475292, 0.0102128
-0.0883982, 0.0823763, -0.0479658
-0.0447165, 0.0934976, -0.0929695
-0.0251444, 0.0857998, -0.127035
-0.0274436, 0.0944027, -0.100798
-0.0247298, 0.0808267, -0.0497349
-0.104894, 0.087295, -0.0256427
-0.0807214, 0.0752279, -0.0945266
-0.0910803, 0.0834217, -0.0635199
0.00824635, 0.0813241, -0.0661389
-0.0105082, 0.071859, -0.145879
-0.0629193, 0.0933148, -0.0691453
0.0120543, 0.0573785, -0.0745772
-0.0102654, 0.0911796, -0.0601727
-0.0562129, 0.0928059, -0.104039
-0.113786, 0.0867207, -0.011478
-0.0385631, 0.0766837, -0.0932865
-0.0505657, 0.0857203, -0.0284699
-0.10607, 0.0912407, -0.0216864
-0.0991236, 0.0925964, -0.0145399
-0.120707, -0.00207368, -0.0412677
-0.0499732, 0.0821209, -0.133898
1.38628e-005, 0.0840965, -0.126998
-0.106666, 0.0736236, -0.0748122
-0.0424574, 0.0943586, -0.104101
0.00953406, 0.0791181, -0.0573034
-0.107151, 0.075397, -0.0917156
-0.0146886, 0.0929018, -0.1153
-0.0136865, 0.0949847, -0.102017
-0.00970403, 0.0914246, -0.107413
0.00191976, 0.0551824, -0.0831337
-0.0923109, 0.0893704, -0.0524629
-0.0817186, 0.0934551, -0.0105029
-0.0814907, 0.0914591, -0.0253535
-0.0192315, 0.0870523, -0.0161132
-0.0421943, 0.094904, -0.034777
-0.094105, 0.0821801, -0.0866807
-0.117531, 0.0650804, -0.0102674
-0.0434893, 0.0885052, -0.021925
-0.127728, 0.0720707, -0.0431966
-0.103478, 0.0422691, -0.0985556
0.0131071, 0.0355666, -0.120639
-0.124972, 0.0657395, -0.083706
-0.0506485, 0.0818066, -0.140533
-0.051702, 0.0858447, -0.12453
-0.0781289, 0.067693, -0.115515
-0.0810831, 0.0908259, 0.00288609
-0.0325854, 0.0906364, -0.0189353
-0.0139384, 0.0941364, -0.108848
-0.0413087, 0.0218194, -0.15803
-0.00153551, 0.0775726, -0.0254113
-0.0527911, 0.0937353, -0.0179398
-0.0683956, 0.0873047, -0.0912033
-0.0386264, 0.0940348, -0.0318795
-0.0639416, 0.0908984, -0.0609038
-0.101622, 0.089706, -0.0486104
-0.0645425, 0.0941521, -0.0645878
-0.111255, 0.051382, -0.126381
-0.0841129, 0.0866191, -0.0538259
-0.105968, 0.0879387, -0.0123161
-0.109191, 0.0706258, -0.108135
-0.102299, 0.082617, -0.0612034
-0.0448135, 0.0919463, -0.0681612
-0.0659643, 0.0910484, -0.041164
-0.110775, 0.085731, -0.0489122
-0.0369766, 0.0910678, -0.115715
-0.0651612, 0.0564315, 0.0228623
-0.0477103, 0.0948591, -0.0484587
-0.0324075, 0.0576527, -0.152471
-0.104771, 0.0544159, -0.030572
-0.130653, 0.072293, -0.0454114
-0.0107459, 0.0929915, -0.0558895
-0.0325931, 0.0831278, -0.136881
-0.0810221, 0.0674761, -0.136306
-0.0430226, 0.090873, -0.00736946
-0.0269333, 0.0882458, -0.12326
-0.115794, 0.0877356, -0.033274
-0.0704963, 0.0927974, -0.04704
-0.00247154, 0.082382, -0.114001
-0.0718226, 0.0680889, -0.140022
-0.0793168, 0.0910935, 0.00412074
-0.0422159, 0.0766453, -0.0360116
-0.0500925, 0.0921537, -0.0571602
-0.0861903, 0.0890543, -0.0400372
-0.112397, 0.0473302, -0.0942157
-0.0900901, 0.0812051, -0.0896309
-0.0784054, 0.0922251, -0.0684975
0.003472, 0.087075, -0.110199
-0.136339, 0.0217413, -0.067111
-0.126814, 0.0716759, -0.0579628
-0.0646726, 0.079131, -0.116407
-0.0807587, 0.089197, -0.107334
-0.0494765, 0.0952023, -0.0763866
-0.0542556, 0.0941939, -0.0211127
-0.0319526, 0.0838204, -0.0267093
-0.0758999, 0.0930805, -0.0540089
-0.00267504, 0.0907958, -0.110468
-0.0648899, 0.093189, -0.0769509
-0.0717751, 0.087483, -0.119471
-0.0634028, 0.0943442, -0.0528109
-0.0533792, 0.0945889, -0.0248061
-0.0748606, 0.083012, -0.0575081
0.00501097, 0.0851566, -0.0696085
-0.0164636, 0.0925801, -0.0899327
-0.0098021, 0.079149, -0.130355
-0.0216939, 0.092973, -0.0727625
-0.0333364, 0.0956255, -0.104766
-0.0468003, 0.0850739, -0.136477
-0.073256, 0.0842576, -0.106731
-0.0289263, 0.0961246, -0.0980154
-0.0635964, 0.0878902, -0.0331783
-0.0692342, 0.0946618, -0.0229067
-0.0580259, 0.0380575, -0.152617
0.00908715, 0.0751168, -0.0866782
-0.0643445, 0.094056, -0.0568436
-0.0959758, 0.0825208, -0.10291
-0.0279171, 0.0919143, -0.121481
-0.109992, 0.0834202, -0.0281599
-0.0324739, 0.093979, -0.107145
-0.0597393, 0.0297964, -0.143393
-0.122008, 0.0713605, -0.0567332
-0.0162808, 0.0575508, 0.014495
-0.100576, 0.062961, -0.136263
-0.0603265, 0.0957609, -0.081575
-0.0150675, 0.0874622, -0.122401
-0.0264878, 0.0616733, -0.0443569
-0.0808493, 0.0924828, -0.0300708
-0.0770126, 0.0861058, -0.0640002
-0.0857107, 0.0808769, -0.0476147
-0.0104841, 0.091959, -0.113145
-0.0360788, 0.0854315, -0.0960199
-0.119341, 0.0619144, -0.0526488
-0.0975251, 0.090946, -0.0193686
-0.0596647, 0.0874153, 0.00873318
-0.107514, 0.0236096, 5.28293e-005
-0.00896434, 0.0112555, 0.0169888
-0.0464508, 0.0961314, -0.063165
-0.0882114, 0.091725, -0.053394
-0.0191335, 0.0847276, -0.011767
-0.0704859, 0.0901247, -0.0779278
-0.115304, 0.0710764, -0.0937057
-0.0913471, 0.0660087, -0.135937
-0.119548, 0.0476949, -0.0908493
-0.0831929, 0.0929202, -0.00296361
-0.0933088, 0.0904886, -0.0679612
-0.0129677, 0.0924879, -0.0469104
-0.0549589, 0.0682415, -0.07312
-0.0383533, 0.0591391, 0.0105569
-0.0753001, 0.0908915, -0.10394
-0.0940899, 0.0644376, -0.0809646
0.00161396, 0.0125839, -0.160126
-0.0328017, 0.0654926, -0.105203
0.0141429, 0.0553477, -0.0409722
-0.0604017, 0.0931781, -0.00673862
-0.065452, 0.0847201, 0.0122021
-0.0375571, 0.0890638, -0.0857502
-0.0438618, 0.0961622, -0.0631694
-0.0715188, 0.0923452, -0.0259605
-0.0694984, 0.089884, -0.0760888
-0.074352, 0.0894288, -0.0756393
-0.0436422, 0.081759, -0.132927
-0.0200245, 0.0872084, -0.0344768
-0.13186, 0.0479255, -0.0946277
-0.0587998, 0.0548742, 0.022407
-0.103101, 0.0679189, -0.126485
-0.0926507, 0.0906026, -0.0577445
-0.115043, 0.0879477, -0.00983594
-0.00623803, 0.0712776, -0.0667763
-0.105866, 0.0656075, 0.0143152
-0.101774, 0.084215, 0.00375912
-0.0663686, 0.0833318, 0.0135147
-0.0786701, 0.0899798, -0.0362373
-0.0253243, 0.090687, -0.054729
-0.0811752, 0.0644213, -0.122834
-0.0578432, 0.085411, -0.0214585
0.0121167, 0.0337553, -0.00107394
-0.0169883, 0.0850824, -0.0327667
-0.00990113, 0.0934461, -0.0940287
-0.0487815, 0.0852218, -0.0621405
-0.0846451, 0.0706073, -0.117359
-0.0902772, 0.00636567, -0.147597
-0.0649469, 0.0895404, -0.0277741
-0.0498362, 0.0956369, -0.0553792
-0.0228569, 0.0964241, -0.0867031
-0.0815154, 0.0865854, -0.0812348
-0.119258, 0.0815884, -0.0222591
-0.070509, 0.0829335, -0.099824
-0.0740756, 0.0489567, -0.12894
-0.0566077, 0.0348868, -0.0124989
-0.0124572, 0.0687561, -0.149581
-0.108378, 0.0461759, -0.127631
-0.0258713, 0.00743996, -0.128502
-0.00541921, 0.0766955, -0.102818
-0.0654881, 0.0946087, -0.0239104
0.00762864, 0.0755156, -0.0850972
-0.0760976, 0.0870519, -0.105361
-0.0581008, 0.0948724, -0.0278281
-0.0215391, 0.0941573, -0.109279
-0.073079, 0.0878987, -0.0564947
-0.0696099, 0.0913971, -0.0329253
-0.0958586, 0.080349, -0.0837111
-0.0582726, 0.0946775, -0.0247265
-0.137732, 0.0407656, -0.0743806
-0.0676077, 0.0901515, -0.0465335
-0.0747542, 0.0878744, -0.0430354
-0.0352904, 0.0937153, -0.0354619
-0.0810391, 0.0926188, -0.0283692
-0.0477897, 0.0823877, 0.00407722
-0.0885908, 0.0852285, -0.0495176
-0.0301235, 0.0596465, -0.153106
-0.0537382, 0.0769685, -0.0367985
-0.107803, 0.0870118, -0.0136118
-0.063601, 0.0932312, -0.0068758
-0.0771417, 0.093041, -0.0643755
0.00991382, 0.0430604, -0.0262976
-0.0818025, 0.0841524, -0.0425833
-0.061261, 0.0946529, -0.0273415
-0.0142009, 0.0780243, -0.076428
-0.0458896, 0.0959688, -0.0639001
-0.0979696, 0.0817059, -0.104089
-0.0651943, 0.0741416, 0.0192104
-0.0527492, 0.0938813, -0.0779332
-0.0396478, 0.0930926, -0.0636184
-0.0587931, 0.0915677, -0.0936707
-0.0924952, 0.0846676, -0.0984995
-0.00538841, 0.088306, -0.0866268
-0.106346, 0.0728013, -0.0951406
-0.0688013, 0.0837979, -0.11731
-0.0460315, 0.0488987, -0.152641
-0.0512986, 0.0911297, -0.00612784
-0.10214, 0.086551, -0.064042
-0.0419871, 0.0956882, -0.102749
-0.0683932, 0.0804558, 0.0161309
-0.0724534, 0.088307, -0.114855
-0.118016, 0.0851618, -0.0442856
-0.0479528, 0.0965005, -0.0772902
-0.0423713, 0.0961705, -0.0595673
-0.0234019, 0.0924825, -0.0403794
-0.00313499, 0.0677573, -0.099803
-0.00546836, 0.0617973, -0.0620482
-0.0691403, 0.0927578, -0.0587242
-0.0564757, 0.0843994, -0.0014487
-0.0785128, 0.0866886, -0.0646436
-0.0827508, 0.0937255, -0.0366412
-0.116031, 0.0885923, -0.0246868
-0.126155, 0.0726377, -0.0122003
-0.0503923, 0.0958322, -0.0567696
-0.125921, 0.080982, -0.0148721
-0.0308621, 0.0846969, -0.12812
-0.0419622, 0.0670784, -0.150053
-0.0580696, 0.0900176, -0.00511988
0.0151005, 0.0402432, -0.121469
-0.0460946, 0.090842, -0.126618
-0.0582298, 0.0949193, -0.0479716
-0.0737274, 0.088799, -0.100407
-0.0963755, 0.0892697, 0.00376224
-0.0379282, 0.087733, -0.0241089
-0.0960317, 0.0671133, 0.0071969
-0.0484482, 0.0956417, -0.0803017
-0.082036, 0.0941131, -0.0215333
-0.0545153, 0.0681812, -0.149509
-0.104931, -0.0253945, 0.0157641
-0.0408593, 0.0771801, 0.00500772
-0.0780673, 0.0843347, -0.0859096
-0.0562579, 0.0938251, -0.0634598
-0.0803675, 0.0904404, -0.00605547
-0.0212493, 0.0878134, -0.0233647
-0.0158521, 0.0947453, -0.103775
-0.0289288, -0.0822522, 0.0237511
-0.0303679, -0.0526567, 0.0196508
-0.073143, -0.0654546, 0.0146832
-0.01364, -0.101536, 0.0294408
-0.0475594, 0.00903033, 0.0186972
-0.0336955, -0.0078957, 0.0210013
-0.0869456, -0.12912, 0.0257787
-0.0273654, -0.0499768, 0.0202845
-0.0465858, -0.110563, 0.0295301
-0.0952384, -0.134807, -0.0474384
-0.0564125, -0.142314, 0.0265985
-0.0107561, 0.0303492, 0.0203763
0.0149538, 0.0445688, -0.0187357
-0.0485179, -0.130116, 0.0318198
-0.0533772, -0.0774145, 0.0175127
-0.0442667, -0.0994107, 0.0281172
-0.0393736, 0.0497383, 0.0221089
-0.0384501, -0.110994, 0.0286472
-0.0190622, -0.0278249, 0.0268828
-0.0242522, -0.125259, 0.0316519
-0.0527649, 0.0384996, 0.0247413
-0.0930561, -0.130703, 0.0130102
-0.0343101, -0.0703192, 0.0217843
-0.0330054, -0.00527703, 0.0188104
-0.0513801, -0.0753985, 0.0206827
-0.085824, -0.109906, 0.0183896
-0.0942032, -0.107752, 0.0135794
-0.062829, -0.0104498, 0.0239116
-0.0727988, -0.114879, 0.0238693
-0.121797, 0.0107696, -0.0204182
-0.0850244, -0.14036, 0.0235415
-0.0698545, -0.144707, 0.00953784
-0.045242, -0.0352503, 0.0113465
-0.0495315, -0.106515, 0.0256781
-0.0688276, -0.115029, 0.0256022
-0.0476846, -0.0257801, 0.0157538
-0.0502684, -0.111357, 0.0293846
-0.0488915, -0.134194, 0.0305509
-0.0238609, -0.0163198, 0.0262769
-0.0509586, -0.0568219, 0.0203908
-0.0375933, -0.0861422, 0.0280475
-0.0124879, -0.00283048, -0.000919558
-0.0321859, -0.0329205, 0.0188554
-0.0100855, -0.104226, 0.0285827
-0.0737306, -0.13954, 0.02774
-0.0375993, -0.0521276, 0.0212406
-0.0830857, -0.0236565, 0.0185804
-0.0937831, -0.101959, 0.0129524
-0.0343545, -0.120973, 0.0320023
-0.0103661, -0.0151995, 0.0252443
-0.0467646, 0.0131154, 0.0195926
-0.0531106, 0.0106108, 0.0248618
0.00694678, -0.121148, 3.36015e-006
-0.0772672, -0.114352, 0.0237228
0.0086782, -0.118956, 0.0277307
-0.00148998, -0.0544194, 0.0279506
-0.117386, 0.0219253, -0.0168059
-0.0959759, -0.140049, -0.00875369
-0.0140489, -0.123841, 0.0323006
-0.0179986, -0.101456, 0.0274116
-0.0589136, -0.0414971, 0.0222658
-0.0337355, -0.044905, 0.0268974
0.00255258, -0.0399899, 0.0190406
0.007681, -0.101374, 0.026975
0.0107414, -0.116993, 0.0266562
-0.0377846, -0.000746082, 0.0231404
-0.00954237, -0.0518918, 0.000813477
-0.0383109, -0.135917, 0.0316982
-0.086451, -0.140162, 0.0200077
-0.00183324, -0.101393, 0.03027
-0.0893783, -0.116086, 0.01825
0.00359662, -0.0910968, 0.0305601
-0.0735333, -0.0496645, 0.0140488
-0.0184559, -0.0343554, 0.019148
-0.0306064, 0.0384399, 0.0124258
-0.0555054, -0.0609807, 0.0174939
-0.109737, -0.0155507, 0.0209046
-0.0835253, -0.0923116, 0.0160015
-0.0371352, -0.035364, 0.0223975
-0.00117077, -0.119231, 0.0301321
-0.0966638, -0.136202, 0.0223977
-0.0213942, 0.014171, 0.0232914
-0.0232644, -0.115569, 0.0303406
-0.0357206, 0.0611087, 0.012125
0.00164947, -0.116498, 0.0305834
-0.0234607, -0.0333627, 0.0229099
-0.0871269, 0.0140148, 0.010669
-0.0896653, 0.0500829, 0.0160601
-0.0810222, -0.0791586, 0.0136702
-0.110916, 0.0440698, 0.00756623
-0.0735462, -0.123797, 0.0260484
-0.0805531, -0.139104, 0.0123402
-0.0116461, -0.0871377, 0.0251679
-0.0486619, -0.122941, 0.030678
-0.0762771, -0.0211084, 0.0198767
-0.114075, -0.0926848, -0.0132239
-0.0359519, -0.111076, 0.0292798
-0.0801863, -0.0125314, 0.0116003
-0.0777313, -0.131, 0.0287012
-0.0145298, -0.0211503, 0.0245618
-0.045157, -0.0705257, 0.0206053
0.0111391, 0.0232997, 0.00518019
-0.0921464, -0.0866973, 0.0102453
-0.0706942, -0.0832585, 0.0179626
-0.078206, -0.0279252, 0.0173559
-0.0451557, -0.0145312, 0.0194763
0.00829751, -0.0710825, 0.024829
-0.0574491, -0.0609869, 0.0212501
0.000156511, -0.0294567, 0.0209721
0.0153237, -0.0467817, 0.0142593
-0.0791182, -0.0516647, 0.0122167
0.0177019, -0.0902553, 0.0129093
-0.0327926, -0.0392516, 0.0241252
-0.0472114, -0.132008, 0.0310638
-0.0292413, -0.110101, 0.0308104
-0.133, -0.0228802, -0.0377508
-0.103273, -0.137908, -0.0180032
-0.0829142, -0.121478, 0.0231193
-0.0605253, -0.0233415, 0.0200162
-0.0174724, -0.0646396, 0.0186473
-0.0633349, -0.122422, 0.0287879
-0.0023653, -0.0933279, 0.0270734
-0.068285, -0.137584, 0.0277319
-0.0020962, -0.0987705, 0.0274105
-0.0473533, -0.0309166, 0.00675553
-0.05351, -0.0379972, -0.0352237
-0.00437415, -0.0287821, 0.0253028
0.00590748, -0.069471, 0.0251096
-0.0557773, 0.0342658, 0.025084
-0.0797502, -0.135057, 0.0260388
-0.09113, -0.076746, 0.0130318
-0.0261588, 0.0288041, 0.0127947
0.0067797, -0.0570984, 0.0233307
-0.0608774, -0.067747, 0.0234973
0.00583673, -0.0227882, 0.018795
-0.0650128, 0.00174494, 0.0120243
-0.0705327, -0.0687522, 0.0212921
-0.0228749, -0.12183, 0.0307037
-0.0629419, -0.143684, 0.0189793
-0.0779296, -0.091054, 0.0178
-0.104814, -0.0960823, 0.00168585
-0.0194126, -0.0521649, 0.0214104
-0.00681709, -0.0610866, 0.0185789
-0.00528983, -0.0960266, 0.0316658
-0.0706922, -0.0591626, 0.0151304
-0.00589572, -0.100504, 0.0178203
-0.0351362, -0.0592197, 0.0236543
-0.0757088, -0.127786, 0.0276071
-0.076746, -0.108098, 0.0209864
-0.0488343, -0.0228393, 0.0169406
-0.0262822, -0.0595607, 0.0204565
-0.0198863, -0.0592802, 0.0269225
-0.0112759, -0.072494, 0.0294101
0.0167954, -0.0634688, 0.0112061
-0.0261577, -0.0334493, 0.0267883
-0.0980088, -0.138968, 0.0187104
-0.0552676, -0.073744, 0.0224773
-0.0682029, -0.0512239, 0.0152581
-0.118706, -0.0597792, -0.00824351
-0.0304165, 0.0791976, 0.00679791
0.00230102, -0.0555917, 0.0266531
-0.104268, -0.0113274, -0.00406638
-0.020187, -0.133293, 0.0316876
-0.0177574, -0.129588, 0.0313478
-0.0782906, -0.109662, 0.0221007
-0.0753963, 0.00676526, 0.0258917
-0.0521362, -0.0117578, 0.0164025
-0.0316208, -0.135607, 0.0313269
-0.0172416, 0.043064, 0.00310577
-0.135229, 0.0383444, -0.0300694
-0.0525014, -0.126697, 0.0301831
-0.00178442, -0.117703, 0.0276244
0.00564899, -0.0786637, 0.02562
-0.00397183, -0.130892, 0.0304494
-0.0341377, -0.0236984, 0.0255065
-0.0761794, -0.122161, 0.0265296
-0.0267151, -0.123936, 0.0316037
0.0145392, -0.0744407, 0.0255467
-0.0634472, -0.0476346, 0.0157267
-0.0933602, -0.140418, 0.012076
-0.00541059, -0.0550257, 0.0279455
-0.0420751, -0.0901622, 0.0244422
-0.0797332, -0.118865, 0.0231605
-0.0395298, -0.0251552, 0.0265486
-0.0586392, -0.120625, 0.0277792
-0.0288982, -0.144115, 0.0230159
-0.0283128, 0.0401238, 0.0225907
-0.0523414, -0.136159, 0.0304611
-0.0521056, -0.112229, 0.0286856
-0.0739546, -0.0475995, 0.0121943
-0.0516109, 0.00552255, 0.0252579
-0.0144607, 0.0303925, 0.0189087
0.0118727, -0.128219, 0.014717
-0.0756798, -0.140203, 0.0248966
-0.0212447, -0.0293236, 0.0169147
-0.00347925, -0.0115076, 0.0213624
-0.0847799, -0.0673195, 0.0117933
-0.0811495, -0.0516451, 0.011156
0.016865, -0.0964975, 0.0186078
-0.00997403, -0.0118525, 0.0250087
0.00756952, -0.0852974, 0.0108643
-0.0382173, -0.144341, 0.0256265
-0.0509099, -0.0352474, 0.0237143
-0.0123981, -0.0105635, 0.0253774
-0.0773837, -0.106818, 0.0204833
-0.0841156, -0.0664548, 0.0147695
-0.0923444, -0.0982398, 0.0120784
-0.0833055, -0.131815, 0.0077365
-0.0472531, 0.00468764, 0.0247983
-0.0896643, -0.063656, 0.00807273
-0.0996404, -0.0996509, 0.00762562
0.00321402, -0.131359, 0.0271294
-0.0591382, -0.0106051, 0.0160998
-0.0522799, -0.13265, 0.0263057
-0.0786743, -0.115093, 0.022686
-0.0961951, -0.0796805, 0.0066968
-0.0723286, -0.0380879, 0.0134201
-0.0395378, 0.0469356, 0.0218151
-0.0313783, -0.121224, 0.0302714
-0.0445343, -0.110105, 0.0278497
-0.0864279, -0.027175, 0.0250519
-0.0584808, -0.145027, -0.00385892
-0.00513917, -0.138488, 0.0257737
-0.102683, -0.0403454, 0.0087249
-0.0731798, -0.109209, 0.0237469
-0.0657148, -0.126012, 0.0281157
-0.0890929, -0.0746424, 0.0129966
-0.0518186, -0.0905963, 0.0227127
-0.0348822, -0.0551807, 0.0209204
0.00846579, 0.0293466, 0.00992357
0.00924825, -0.0718562, 0.0277299
-0.0106478, -0.0210907, 0.0109475
-0.0650389, -0.140266, 0.0275123
0.00343903, -0.00158489, 0.0203151
0.000297818, -0.0587922, 0.0207886
-0.00678588, -0.111786, 0.0305282
-0.0467048, -0.114359, 0.0302908
-0.0542868, -0.0787389, 0.0211833
-0.0975904, -0.0358459, 0.00928207
-0.0421221, 0.00882677, 0.0150431
-0.0940166, -0.075101, 0.0127687
-0.00120617, -0.138835, 0.0212405
-0.00795189, -0.14415, -0.00121627
-0.00636788, -0.122645, 0.00425913
-0.040116, -0.0723059, 0.0245544
-0.0828491, -0.0899855, 0.0123481
-0.0963366, -0.03958, 0.00401695
-0.0256982, -0.0243309, 0.0267206
-0.0826336, -0.0190294, 0.0191125
-0.0847797, 0.0679314, 0.013792
-0.0977663, 0.0140542, 0.0177112
-0.0807888, -0.141132, 0.0217287
-0.0965352, -0.12283, 0.0167079
-0.102548, 0.0644032, 0.0162194
-0.0285188, -0.140759, 0.028878
-0.0952103, -0.140605, 0.0162586
0.0070082, -0.0121789, 0.00106491
-0.10743, -0.100856, 0.000536361
-0.120115, -0.0788408, -0.0279063
-0.0717358, -0.091541, 0.0198691
-0.0320084, -0.0818477, 0.0266144
-0.0154842, -0.130142, 0.026162
-0.0125774, -0.00049908, 0.0242284
-0.0547995, -0.144903, 0.0219385
-0.0801986, -0.10488, 0.018594
-0.086286, -0.129723, 0.0264685
-0.113258, -0.136906, 0.00790466
-0.0745147, 0.0863227, 0.0109281
-0.0535785, -0.027525, 0.0223593
-0.0489395, -0.0595988, 0.0191228
-0.00473881, -0.106447, 0.0288614
-0.00341766, -0.0845817, 0.0241283
-0.0901409, 0.00325144, 0.0161795
-0.0558708, -0.116267, 0.0283332
-0.000516472, -0.119548, 0.0219328
-0.0389253, -0.109296, 0.0300668
-0.00624151, -0.0754637, 0.0241279
-0.082246, -0.108505, 0.0205505
-0.0112677, -0.128699, 0.0312721
-0.0730478, -0.127409, 0.0274897
-0.0955046, -0.134119, -0.05093
-0.0800075, -0.102941, 0.016659
0.00268255, -0.0348152, 0.0244011
-0.0592417, -0.0759417, 0.0188963
-0.0731857, -0.120187, 0.0253469
-0.0626227, -0.0103073, 0.015484
-0.0326147, -0.131468, 0.0314229
-0.0102158, -0.0386414, 0.0212265
-0.0670763, -0.05229, 0.0161258
-0.0160106, -0.0373846, 0.0183584
-0.016837, 0.021377, 0.0216624
-0.0788968, -0.0922846, 0.0163267
-0.108016, 0.005382, 0.00563654
0.000793179, -0.029534, 0.0193187
-0.0645966, -0.0290838, 0.0144821
0.0196654, -0.112904, 0.00308427
-0.0404971, -0.12875, 0.0309755
-0.0412436, -0.0305558, 0.0175369
-0.0631928, -0.0862997, 0.020633
-0.0867987, 0.0159314, 0.0163492
-0.0548767, -0.126895, 0.0313478
-0.116607, 0.0201644, -0.00513921
-0.0609928, -0.0253802, 0.0157256
-0.0657961, -0.0752637, 0.0185704
-0.0538598, 0.0158053, 0.0257102
-0.0531442, -0.137502, 0.0302657
-0.0113978, -0.0781392, 0.025809
-0.0350293, -0.0871784, 0.0246709
0.00257778, -0.0836496, 0.0251638
-0.0697101, -0.134291, 0.0281984
0.0063486, -0.134567, 0.0148133
-0.0708184, -0.131634, 0.0302662
-0.0379234, -0.115678, 0.0287859
-0.0311972, -0.102602, 0.030132
-0.0385455, -0.131023, 0.0318385
-0.0561213, 0.0145618, 0.0207797
-0.0623146, -0.0502768, 0.0173432
-0.0250628, -0.0770198, 0.0292373
-0.0331866, 0.00222672, 0.0218598
-0.0908905, -0.00472609, 0.0242533
-0.033286, -0.144589, 0.0190193
-0.0131817, -0.0964799, 0.0267537
0.00146963, -0.112645, 0.0312963
-0.0558519, -0.10309, 0.0252038
-0.0512173, -0.00211148, 0.0195096
-0.101101, 0.0160997, 0.0211158
-0.0699854, -0.131576, 0.0279972
-0.02701, -0.0722951, 0.0289199
-0.0746138, -0.0236493, 0.0197177
-0.0390707, -0.066489, 0.022736
-0.0881715, -0.0614645, 0.0118506
-0.0441297, -0.0411396, 0.0212577
-0.0765041, -0.0560829, 0.0128255
-0.0834226, -0.0631677, 0.0120351
-0.0786294, -0.103943, 0.0204711
-0.0591135, -0.132988, 0.0296337
-0.0628408, -0.11056, 0.0253543
-0.0387248, 0.0685304, 0.0171051
-0.0178791, -0.0215276, 0.0178122
-0.106032, -0.0466467, -0.00272284
-0.0319981, 0.0787039, 0.00548649

