0.0155035, -0.0496408, -0.0758407
0.0286115, 0.0326765, -0.0210656
0.0250092, -0.0528219, -0.036903
0.016485, -0.0415717, 0.0220129
0.0220757, -0.00520425, 0.0268112
0.0171091, -0.0793504, -0.02382
0.020381, -0.077301, -0.0875628
0.00769703, -0.114402, -0.10058
0.0013945, -0.0127217, 0.00649149
0.0210147, 0.00945578, -0.0161717
0.022095, -0.0398372, -0.0468946
0.0195054, -0.0209208, -0.0276509
0.00868979, -0.106705, -0.0587054
0.0191496, 0.0342419, 0.0106505
0.0189734, -0.040751, -0.0363621
0.019807, -0.0506369, -0.0633257
0.0192897, 0.0216996, 0.0089215
0.0128626, -0.0956411, -0.0623439
0.0230246, 0.0532389, 0.0188968
0.0251499, -0.00887341, -0.0275043
0.0205701, 0.0139367, -0.0445339
0.0136078, 0.0767141, 0.0249564
0.0154706, 0.0800172, 0.0178524
0.0213234, 0.0330825, 0.028738
0.019161, -0.0686484, -0.0523095
0.0165932, 0.0781416, 0.0193426
0.0213715, -0.00599656, 0.0107576
0.0110642, -0.0151122, -0.0823941
0.0234311, -0.00274139, -0.00114006
0.0225636, -0.0512218, 0.0111002
0.0187552, -0.0280994, -0.0392902
0.023626, -0.0164393, 0.00622585
0.0189848, 0.0191542, -0.014461
0.0218661, 0.0112973, -0.0275764
0.0121544, -0.106485, -0.0758006
0.0226262, -0.060821, -0.021692
0.0176351, -0.0633949, 0.0161132
0.0196411, -0.0112598, -0.0457693
0.0223413, -0.0296483, -0.0020871
0.022168, -0.0584785, -0.0249012
0.0272047, -0.0746191, -0.0962566
-0.000880414, 0.0245893, -0.0526168
0.0229412, -0.0205548, 0.0107289
0.021713, -0.0481136, -0.036799
0.0213518, -0.0335084, -0.0130332
0.0184922, -0.0703173, -0.0595101
0.0187242, -0.0118356, -0.0199811
0.0194515, -0.0486721, -0.0454482
-0.0194274, -0.141427, -0.100047
0.0284563, -0.073739, -0.0694451
0.0191024, -0.0176835, -0.0488668
0.019817, -0.0460521, -0.0312631
0.0223932, -0.019158, 0.00727255
0.0185428, -0.0768311, -0.0643141
-0.0279907, -0.0554845, -0.112048
0.0209946, -0.03199, -0.0167079
0.0192296, -0.0174652, -0.0240738
0.023782, -0.0322321, -0.00119769
0.027442, 0.0202641, 0.0111863
0.0195068, 0.0232051, 0.0107445
0.021187, 0.0115341, 0.0139249
0.0286569, -0.0657986, -0.0762649
0.0224217, 0.000826701, 0.0220647
0.0199396, 0.0269404, -0.0196463
0.0242233, -0.0251519, -0.0143112
0.010157, -0.107128, -0.116951
0.0165665, -0.0836845, -0.0793022
0.00741285, -0.11302, -0.0784427
0.0210614, -0.0592682, 0.0121405
0.0107134, -0.0654669, -0.0938723
-0.013343, -0.132933, -0.110385
0.0198515, -0.0569467, -0.0455099
0.0200727, -0.0608955, -0.04774
0.0225338, -0.0124263, 0.024027
-0.00258075, -0.112867, 0.00136641
0.0233167, -0.0396463, 0.00657457
0.0198707, -0.0528081, -0.0647876
0.0283813, 0.0348206, -0.00941162
0.0223413, -0.0210336, -0.042054
0.013895, 0.0193169, -0.0580218
0.0248889, 0.051466, 0.00224527
0.0199902, 0.0317868, -0.00172026
0.0198, 0.0568659, 0.0267282
0.026016, -0.0391292, -0.0364758
0.0232129, 0.0098278, -0.0139141
0.0214056, -0.0777101, -0.0401048
0.0148158, -0.0843348, -0.089767
0.0184859, -0.0935423, -0.0650643
0.0152822, -0.101467, -0.0784655
0.0145021, -0.115358, -0.058951
0.0197741, -0.0625331, -0.0520227
0.0244633, 0.0457451, 0.0140003
0.0141265, -0.106329, -0.0817045
0.0155984, 0.0830459, 0.00405974
0.0196003, 0.0493864, -0.0308273
0.0232232, 0.00862554, 0.0269167
0.0185612, -0.0377082, -0.0543872
0.0194501, 0.0318063, 0.00310954
-0.0246491, -0.128462, -0.0519307
0.0214396, -0.065306, -0.0346316
0.0163942, 0.0774323, 0.00716416
0.0220452, -0.0478941, -0.0151377
0.0236579, -0.0365541, 0.00561399
0.0172062, -0.0962433, -0.0281578
0.00119758, -0.00970506, -0.0863898
0.0239422, -0.0137192, -0.00310847
0.0122045, -0.102774, -0.0901844
0.0213074, -0.0765383, -0.0412068
0.0108509, -0.0191362, -0.0784433
0.0314194, -0.0420085, -0.0229435
-0.0101415, -0.130769, -0.110226
0.0208766, 0.0537477, 0.0240654
0.0097155, 0.0149087, -0.0542124
0.0115566, -0.116607, -0.0437113
0.0053931, -0.115814, -0.0988345
0.0245827, -0.0202257, 0.0152822
0.0231219, -0.0629564, -0.015774
0.0302079, -0.00420512, -0.0344642
0.0243473, -0.0360275, -0.0176857
0.0188066, -0.0291648, -0.0495832
0.0210838, -0.0516986, -0.0297279
0.00756752, -0.0944151, -0.112155
0.0180412, -0.0312239, -0.0666147
0.0196842, -0.104928, -0.052563
0.0225201, -0.0534118, 0.01267
0.021113, -0.00299534, -0.0348995
0.0225091, -0.0805765, -0.0670261
0.0280873, -0.0523155, -0.0723654
0.022825, -0.0336097, -0.0060104
0.0200767, 0.0624137, 0.0156384
0.0266534, -0.0847908, -0.0833698
0.0192261, -0.0871524, -0.00666402
0.0179889, -0.0589898, -0.0591749
0.020996, 0.0150125, -0.0186573
0.0200008, 0.0636465, 0.0165804
0.0236028, -0.001846, 0.0257587
0.0226913, -0.045631, -0.00474859
0.0201393, 0.0011933, -0.00517067
0.0204423, 0.0194333, 0.0176604
0.0174362, -0.0135493, -0.0677332
0.0167468, 0.07222, -0.00840165
0.0195817, -0.0854957, -0.0584996
-0.00447023, -0.136886, -0.0310637
0.018528, 0.0593989, 0.0126854
-0.00124064, -0.125939, -0.106735
0.0209733, -0.0398, -0.0272262
0.00356473, -0.114447, -0.100377
0.0253429, -0.0227043, -0.0204065
0.0200394, -0.0864219, -0.0948736
0.0303571, -0.0567284, -0.0762635
0.0209949, -0.0859159, -0.0673274
0.0185391, 0.00848539, -0.00646943
-0.000531961, -0.136436, -0.0947042
0.0230408, -0.00159977, 0.0177585
0.0154338, 0.0397801, 0.0299656
0.0037123, -0.0116534, -0.0859183
0.0197692, 0.0521054, -0.0272459
0.0201312, -0.025719, -0.0101742
0.0249153, -0.00264721, -0.0289848
0.0225365, -0.0059088, 0.0188434
0.0208658, 0.0465961, -0.0287327
0.019167, 0.0404318, -0.00632085
0.0204445, -0.085333, -0.00788639
0.0164756, -0.104319, -0.018464
0.0293125, -0.0414305, -0.0697708
0.0238172, 0.00977573, -0.0304842
0.0187642, -0.0127532, -0.0207325
0.0198751, -0.0990245, -0.0494339
0.013897, -0.106558, -0.0849084
0.0201446, 0.038141, -0.0155363
0.0172041, 0.0335091, 0.0107011
0.0199145, -0.0256967, -0.0580304
0.0230609, -0.0504878, 0.0127803
0.0217197, -0.0894976, -0.0497921
0.0160734, -0.0973056, -0.0754695
0.0253627, -0.0349228, -0.0284492
0.0189988, -0.106553, -0.0656426
0.0186434, -0.0533943, -0.0561361
0.019735, -0.0552439, -0.0376252
0.017203, -0.0937808, -0.0632731
0.0206508, -0.0793891, -0.000521591
0.021734, -0.0493521, -0.0354145
0.0204789, 0.0105914, 0.0118626
0.0278908, -0.0784142, -0.0992334
0.0221952, -0.0816737, -0.0146548
0.0201519, -0.00823585, -0.024143
0.00578333, 0.0461815, -0.0550572
-0.00801509, -0.0100764, -0.0968075
-0.0288618, -0.127633, -0.00141893
0.02386, -0.0295969, -0.0180794
0.0214087, -0.0447165, -0.0203135
0.0207316, 0.0367736, -0.00735151
0.0171108, -0.0349372, -0.0645212
0.0180958, -0.0943613, -0.0115711
0.0194673, -0.0505729, 0.0105119
0.0192347, 0.0533499, -0.00370875
0.0201721, -0.0557728, 0.00480295
0.0204524, -0.0726861, -0.0152315
0.0202767, -0.057678, -0.0889869
0.0186772, -0.0206491, -0.0241752
0.0186186, -0.0571246, -0.0633442
0.0229334, 0.013477, -0.0271845
0.0211234, 0.0387351, -0.0185962
0.0224953, -0.0142323, 0.0150862
0.0185392, 0.0580711, 0.00979233
0.00967317, 0.0189796, -0.0614825
0.0142571, 0.0730568, -0.000156137
0.0227264, -0.0611559, -0.0153869
0.00466052, -0.119966, -0.0978298
0.021739, -0.0660223, -0.000324256
0.0105806, -0.116983, -0.0890706
0.0210429, 0.0371053, -0.0414755
0.0262086, -0.0483238, -0.0497122
0.0189067, -0.0891601, -0.0640274
0.0202244, -0.0837746, -0.00814929
0.0190785, 0.0322502, 0.00163278
0.0200497, -0.00883001, -0.0474727
0.0128057, -0.090249, -0.0920091
0.0203734, 0.0111366, 0.0139681
0.0225834, -0.0681168, -0.0226476
0.0193811, -0.0170566, -0.0127278
0.0216617, -0.033482, -0.0120639
0.019234, -0.0877846, -0.0463668
0.0178051, -0.0181262, -0.000287209
0.00916665, -0.124252, -0.073214
0.0164404, 0.0654627, -0.00217851
-0.00140566, -0.0504472, -0.0968508
0.0187999, 0.0393548, 0.0293703
0.0142079, -0.103798, -0.0191059
0.0223868, -0.0654849, -0.0254001
0.00255112, -0.123172, -0.0953064
0.0207063, -0.0983268, -0.0555009
0.0218935, -0.0738676, -0.000832818
0.0271162, 0.010324, -0.000140697
0.0194699, -0.0887951, -0.112658
0.0132188, 0.0722283, -0.015224
0.0291537, 0.0185407, -0.00118881
0.0215037, 0.0498237, -0.0118618
-0.00315442, -0.13134, -0.0504009
0.0166571, -0.115944, -0.0728858
0.0154592, 0.04545, -0.0477395
0.00658577, -0.0945107, -0.0733404
0.0197225, 0.0319112, -0.00349499
0.0190739, -0.0311017, -0.0305955
0.0195227, 0.0456982, 0.0290869
0.0229483, -0.0408342, -0.00860625
0.0229596, -0.057979, -0.0104648
-0.0202336, -0.143522, -0.0273683
0.0255097, 0.0469754, 0.00975357
0.0177081, -0.0280432, -0.0793377
0.0158911, -0.0924782, -0.0553258
0.0194583, -0.00813546, -0.023348
-0.0140114, 0.0866944, -0.0253461
0.0220361, -0.0506181, -0.0165555
0.0066492, -0.0658005, -0.0896468
0.0117982, -0.0984299, -0.0913798
0.00822299, -0.125516, -0.0935086
0.0195969, -0.0114691, -0.0509104
0.0199546, -0.0887346, -0.0129465
0.0205379, 0.0298161, -0.0169614
0.013388, -0.124516, -0.076464
0.0213485, -0.0826286, -0.0129093
0.0196116, 0.0119467, -0.0273841
0.0224148, -0.0255899, -0.0354193
0.0193297, 0.0510961, 0.0176626
0.0232273, -0.013808, 0.0172604
0.0230444, -0.0641975, -0.036741
0.00155552, -0.11625, -0.0535997
0.0210407, 0.00609016, 0.0150933
0.0105271, -0.0938925, -0.00770217
0.0189402, -0.0429374, -0.0426191
0.0207149, 0.0478865, 0.027311
0.0197975, -0.0239884, -0.0477189
0.0161488, -0.0379111, -0.0702638
0.0269064, -0.0401568, -0.0780483
0.0220758, -0.0712195, -0.0408536
0.0216797, -0.0853217, -0.0136373
0.0190046, -0.0160314, -0.038779
0.011613, -0.119112, -0.122959
0.0231116, -0.0551897, -0.0232804
0.022072, 0.0215693, -0.0109511
0.02178, -0.0304194, -0.00614285
0.0204795, -0.0499544, -0.0337163
0.0197602, 0.0258308, -0.00169092
-0.0650955, -0.108899, -0.115533
0.0213979, 0.0234283, -0.00805235
0.0192424, 0.0225717, -0.00832432
0.0190492, 0.0352703, -0.00708048
0.02208, 0.0133376, 0.0291823
0.0217924, -0.0472609, -0.0454273
0.0232872, -0.0413598, -0.00492296
0.0191891, 0.0203681, 0.00813342
0.0188149, 0.0526068, 0.00786061
0.0177079, 0.0331724, 0.0162239
0.019449, 0.0390048, 0.0171395
0.0275836, -0.0306811, -0.0462373
0.0206803, -0.0100812, -0.0610178
0.0203358, 0.0173489, -0.00583754
0.0191724, -0.00769324, -0.0272245
0.018627, -0.0641272, -0.0622791
0.0201506, -0.0593274, -0.0400908
0.0226759, -0.00496055, 0.0219506
0.0153378, -0.0971199, -0.0544783
0.0173699, 0.0679272, 0.0110012
0.0157354, -0.0776978, -0.0695075
0.0212367, 0.0417147, 0.0283949
0.0212866, 0.0231352, 0.0227989
0.0222289, -0.0957997, -0.0433414
0.0295912, -0.0140059, 0.000781237
0.0215333, -0.0838246, -0.0103454
0.0229789, -0.0282945, -1.52297e-005
0.0244237, -0.0363695, -0.00190419
0.0323768, -0.0224681, -0.0265773
0.0210618, -0.0493727, -0.0449539
0.0230425, -0.067824, -0.00115739
0.0133238, -0.044621, -0.0838297
0.019746, -0.0602304, -0.0429778
-0.0220214, -0.105827, 0.0184761
0.0179053, 0.0287572, -0.0526665
0.0101253, -0.0335938, 0.00789111
0.0185635, -0.0762727, -0.0397271
0.00269916, -0.120177, -0.0822747
0.00692715, -0.115754, -0.0711161
0.0330536, -0.0103588, -0.0157733
-0.0107835, -0.128549, -0.114866
0.0196012, 0.011597, 0.00125352
0.0165918, -0.0671136, -0.00889326
0.0190934, 0.0368039, 0.0017534
0.0231495, 0.0268118, 0.0158726
0.0264543, -0.0109752, 0.0131958
0.0222413, -0.0279103, -0.0172372
0.0182363, 0.0273471, -0.0466305
0.0173288, -0.0405674, -0.058379
0.024208, -0.05885, -0.0928843
0.0146316, 0.0729192, 0.00193535
0.019563, 0.0195254, -0.0458565
0.0218575, -0.0618921, 0.00856728
0.00435089, -0.119661, -0.0983726
0.0172076, -0.0302978, -0.0712095
0.0214554, -0.066716, -0.0356966
0.0200333, -0.0438455, -0.0591205
0.0191568, -0.0944567, -0.0139733
-0.0343334, 0.104766, -0.00981335
-0.0762575, 0.112939, -0.0202349
-0.0610607, 0.0856498, -0.0691522
-0.0485354, 0.0963149, -0.0509537
-0.0785175, 0.0858552, 0.00230676
-0.0900999, 0.0893163, -0.0576649
-0.097771, 0.102125, -0.0802934
0.00634372, 0.0285228, 0.0105864
-0.11439, 0.0995323, -0.0328152
-0.09344, 0.112396, -0.0122112
-0.0932122, 0.0416076, -0.117673
-0.081943, 0.113336, -0.0175714
-0.0867831, 0.113026, -0.0175396
-0.127549, 0.114105, -0.0557705
-0.0488352, 0.0844764, 0.00143577
-0.0615586, 0.0322283, -0.0893067
-0.139949, 0.109935, -0.0734833
-0.0336429, 0.0974195, -0.0377348
-0.131796, 0.0849923, -0.107426
-0.129212, 0.106722, -0.0851719
-0.130537, 0.110989, -0.0506082
0.0112454, 0.0217442, -0.0713578
-0.078138, 0.109986, -0.012771
-0.0648487, 0.106014, -0.0142053
-0.129298, 0.102022, -0.0283437
-0.0633833, 0.0931297, -0.0658687
-0.100005, 0.100345, -0.0319643
-0.0526425, 0.108171, 0.00287028
0.00739728, 0.0800896, -0.021583
-0.0681002, 0.0993249, -0.0196866
-0.0246293, 0.096557, 0.0191958
-0.107168, 0.112312, -0.0583817
-0.117348, 0.0823223, -0.0852635
-0.0727478, 0.105374, -0.0580123
0.00205288, 0.087785, -0.0108539
-0.00955399, 0.096836, -0.00814064
-0.0847232, 0.0786585, 0.0121673
-0.0492265, 0.0558294, -0.0661321
-0.0558598, 0.0775532, -0.0721648
-3.6424e-005, 0.0553673, -0.0504219
-0.10661, 0.116095, -0.0396248
-0.113303, 0.113379, -0.0657311
-0.0350604, 0.0996454, 0.0175957
-0.094405, 0.114118, -0.046666
-0.0857684, 0.0919984, -0.0866644
-0.0252007, 0.0938186, -0.0273027
-0.0526129, 0.101652, -0.0213305
-0.105728, 0.0914105, -0.0707419
-0.0949654, 0.0964492, -0.050507
-0.0682254, 0.0974775, -0.030057
-0.0841871, 0.0906314, -0.0523533
-0.130069, 0.0844259, -0.0942436
-0.141137, 0.107052, -0.102272
-0.14086, 0.107627, -0.100641
-0.099145, 0.115436, -0.025649
-0.0730843, 0.110343, -0.0390213
-0.131743, 0.107829, -0.0908759
-0.0381286, 0.101315, -0.0231042
-0.109342, 0.113714, -0.0727053
-0.0162276, 0.0744114, -0.01776
-0.0868217, 0.0885694, -0.0783289
-0.0125314, 0.0804286, -0.0311053
-0.0558726, 0.0622216, -0.0975812
-0.0727241, 0.0775504, -0.0614251
-0.0759815, 0.101457, -0.0107985
-0.074965, 0.0926149, -0.0493257
-0.0500501, 0.0984826, -0.0324577
-0.0544978, 0.106069, -0.000141475
-0.0861259, 0.096618, -0.0524975
-0.1284, 0.116915, -0.0665548
-0.0956853, 0.0921903, 0.00504354
-0.0879644, 0.104593, -0.0744387
-0.143357, 0.0956705, -0.0708508
-0.0552614, 0.0651129, 0.0181383
-0.11366, 0.102955, -0.0923265
-0.0631452, 0.103769, -0.0472931
-0.047846, 0.0883601, -0.0323441
-0.0356465, 0.0993804, -0.0292927
-0.0620592, 0.0989108, 0.00293252
-0.128207, 0.108115, -0.0808484
-0.119197, 0.0876622, -0.0514748
-0.119566, 0.110116, -0.0939993
0.00521322, 0.090944, 0.0216829
0.0134155, 0.0734859, -0.020792
-0.0918906, 0.113055, -0.0559618
0.010874, 0.0575254, 0.0119433
-0.0302444, 0.106159, 0.00849206
-0.0826271, 0.103584, -0.0566194
-0.134874, 0.0975651, -0.0380895
-0.0468446, 0.0841682, -0.0732299
-0.0880742, 0.105842, -0.00041357
-0.131159, 0.11145, -0.0613885
-0.12474, 0.111086, -0.0532837
-0.125363, -0.00506911, -0.113828
-0.0593209, 0.0835512, -0.0615575
0.00331497, 0.088737, -0.00639726
-0.133325, 0.100586, -0.111992
-0.0775018, 0.10257, -0.0314013
0.00547696, 0.0884917, 0.0225257
-0.137385, 0.102742, -0.108089
-0.0163855, 0.0954624, -0.0152535
-0.0189679, 0.0997972, -0.0100852
-0.00410011, 0.093478, -0.0141445
0.00902374, 0.0542691, -0.0285506
-0.123684, 0.117411, -0.0753215
-0.111761, 0.111558, -0.0257182
-0.107887, 0.111042, -0.0625908
-0.0422871, 0.102308, 0.00849489
-0.0691996, 0.111659, -0.0154727
-0.126076, 0.108902, -0.0970952
-0.129331, 0.0738173, -0.0852394
-0.0640908, 0.0975954, -0.0332261
-0.142466, 0.0893531, -0.107967
-0.124565, 0.044651, -0.127262
0.0235081, 0.0283571, 0.0157005
-0.145589, 0.089632, -0.114223
-0.0658779, 0.0816985, -0.0586889
-0.0655944, 0.0902768, -0.0625948
-0.0984432, 0.0822386, -0.108169
-0.108607, 0.104434, -0.01537
-0.0602079, 0.108109, 0.00282615
-0.0182219, 0.0979421, -0.0121083
-0.00112876, 0.0336209, -0.0675153
-0.0211502, 0.0958781, 0.0202348
-0.078894, 0.10877, -0.0256266
-0.0940835, 0.105717, -0.078568
-0.0616797, 0.107859, -0.0205783
-0.104427, 0.108614, -0.0235745
-0.132537, 0.116135, -0.0687694
-0.0958568, 0.114786, -0.0509581
-0.136438, 0.0626597, -0.125485
-0.111785, 0.111086, -0.0844661
-0.12681, 0.102988, -0.0690884
-0.139458, 0.0940304, -0.111454
-0.13109, 0.112082, -0.0961658
-0.063226, 0.105117, -0.0513061
-0.0913233, 0.10942, -0.0616903
-0.137693, 0.113142, -0.0846921
-0.069069, 0.0962861, -0.0333663
-0.0829665, 0.0660527, 0.00873812
-0.0815763, 0.113299, -0.0146682
-0.026439, 0.0600135, -0.0563446
-0.119674, 0.0611814, -0.0995581
-0.144499, 0.0892872, -0.105161
-0.0259579, 0.105566, 0.00572359
-0.0489587, 0.0834908, -0.0421225
-0.112935, 0.0778614, -0.0794556
-0.0684205, 0.103908, -0.00983143
-0.0238374, 0.0890741, -0.0369017
-0.139416, 0.106844, -0.0635502
-0.099545, 0.115198, -0.0578221
-0.0201501, 0.0890534, -0.0124859
-0.0857015, 0.0741267, -0.0899132
-0.106187, 0.104024, -0.0169244
-0.0818495, 0.0950036, 0.00042626
-0.0715926, 0.107297, -0.0522706
-0.113678, 0.112813, -0.0764998
-0.132495, 0.0547555, -0.128626
-0.120646, 0.106187, -0.0984934
-0.117671, 0.111772, -0.0417001
0.00769873, 0.0925187, 0.00822746
-0.137193, 0.0108963, -0.126814
-0.145997, 0.087836, -0.0732412
-0.103274, 0.087585, -0.0539513
-0.11977, 0.105162, -0.0671469
-0.0875737, 0.110087, -0.0240354
-0.0809163, 0.110257, -0.0275744
-0.0664428, 0.104692, 0.00847335
-0.114039, 0.113724, -0.0338357
-0.0053667, 0.0968086, -0.00113132
-0.105659, 0.109692, -0.0341945
-0.102037, 0.0986694, -0.0770765
-0.0934591, 0.115256, -0.0470519
-0.0807156, 0.111582, -0.0262191
-0.113943, 0.0994358, -0.0261993
0.00345571, 0.0904965, 0.00830471
-0.0419354, 0.102941, -0.00627574
-0.0240101, 0.0824767, -0.0265474
-0.0307975, 0.10016, -0.0257359
-0.0548559, 0.101345, -0.0279455
-0.0681933, 0.0859762, -0.052196
-0.113209, 0.0963937, -0.0543954
-0.0499027, 0.103071, -0.021008
-0.0865708, 0.101503, -0.0616768
-0.0995412, 0.114788, -0.0332778
-0.0574417, 0.0439905, -0.0780512
0.00140922, 0.0837931, 0.00982746
-0.0945316, 0.11512, -0.0500877
-0.130739, 0.105811, -0.0949428
-0.0386266, 0.0932091, -0.0302779
-0.135556, 0.0982697, -0.0365721
-0.0624927, 0.100416, -0.0255246
-0.0761403, 0.0316303, -0.0778938
-0.143824, 0.0873085, -0.0625479
-0.0364162, 0.0706562, 0.0159374
-0.129595, 0.075537, -0.112015
-0.0959976, 0.112241, -0.042901
-0.0325363, 0.0911258, -0.0218134
-0.0672651, 0.0746624, -0.00103342
-0.115359, 0.113156, -0.0266339
-0.11634, 0.103015, -0.0320735
-0.12138, 0.0976306, -0.0271276
-0.0197842, 0.0967477, -0.0104395
-0.0758451, 0.094719, -0.0244231
-0.135722, 0.0738071, -0.118156
-0.122568, 0.110822, -0.0662201
-0.0861732, 0.0993677, -0.00514073
-0.110964, 0.0341853, -0.070929
-0.0132602, 0.0236287, 0.0193265
-0.078583, 0.112502, -0.0223626
-0.12191, 0.118156, -0.0630287
-0.0394944, 0.0954847, 0.00236694
-0.099424, 0.11137, -0.0716132
-0.142713, 0.0973747, -0.110248
-0.117398, 0.076671, -0.107727
-0.137561, 0.0574589, -0.129388
-0.111154, 0.108332, -0.0243708
-0.129074, 0.114951, -0.0636273
-0.0285119, 0.104334, 0.00232899
-0.0968425, 0.0777559, -0.0258039
-0.0691995, 0.0772944, 0.0163631
-0.115027, 0.105756, -0.0590496
-0.118233, 0.0795243, -0.116383
0.0235378, 0.0187547, -0.0414784
-0.0721941, 0.0683977, -0.0350481
0.0133076, 0.0606974, 0.0283634
-0.0882158, 0.108464, -0.0191841
-0.0921027, 0.0966158, -0.00114675
-0.0486279, 0.0982018, -0.0543388
-0.0749737, 0.112067, -0.0204387
-0.106501, 0.112699, -0.0177742
-0.0974837, 0.110981, -0.0719841
-0.104127, 0.112225, -0.0748859
-0.0464216, 0.0828178, -0.0570427
-0.0351157, 0.0942825, -0.0166608
-0.145203, 0.0629551, -0.121704
-0.0725455, 0.0623558, 0.00318009
-0.13547, 0.0862972, -0.100896
-0.128093, 0.112543, -0.0498907
-0.133995, 0.0999023, -0.0577705
-0.0402584, 0.0844994, 0.000148478
-0.119281, 0.0702007, -0.0137436
-0.119743, 0.0920289, -0.0475027
-0.0891502, 0.0913745, -0.00945868
-0.105172, 0.110702, -0.0700507
-0.0571985, 0.107962, 0.0018991
-0.101143, 0.0779142, -0.110086
-0.0944102, 0.105365, -0.00126576
-0.00193299, 0.0454081, 0.0231816
-0.0312695, 0.0913569, -0.0141998
-0.00983263, 0.0975231, -0.0105715
-0.0670202, 0.0970827, -0.0661817
-0.109057, 0.0865628, -0.107475
-0.0906347, 0.0213691, -0.117795
-0.08862, 0.103608, -0.0569188
-0.0834229, 0.113589, -0.0209638
-0.0387814, 0.104706, -0.0135238
-0.112157, 0.110893, -0.0849993
-0.136408, 0.097207, -0.0875785
-0.0941214, 0.100259, -0.0878112
-0.0869184, 0.0576529, -0.115639
-0.0919389, 0.0412616, 0.00253759
0.0103688, 0.0718732, -0.0257792
-0.136079, 0.0635842, -0.0987846
-0.0480786, -0.00957393, -0.0633612
-0.0345141, 0.0840257, -0.0145593
-0.0944157, 0.113772, -0.0354296
-0.00652738, 0.0858926, 0.00627638
-0.107026, 0.1043, -0.0820851
-0.0870279, 0.113561, -0.0290208
-0.0394378, 0.0988896, -0.0182194
-0.112538, 0.105705, -0.0260567
-0.0953652, 0.109551, -0.0596775
-0.126565, 0.10758, -0.100851
-0.0864077, 0.112625, -0.0299812
-0.142973, 0.0448498, -0.123876
-0.0930576, 0.109354, -0.0668738
-0.112622, 0.106647, -0.020564
-0.0634444, 0.111096, -0.00424863
-0.109147, 0.114381, -0.058607
-0.0786764, 0.100316, 0.00868355
-0.115467, 0.109191, -0.0883613
-0.00837223, 0.0614083, -0.0489266
-0.0717392, 0.0842361, -0.0625542
-0.128128, 0.102162, -0.0723189
-0.0928509, 0.109849, -0.0167762
-0.116053, 0.113274, -0.040205
0.00640447, 0.0465456, 0.00989455
-0.118167, 0.101881, -0.0229891
-0.0895712, 0.113342, -0.0350042
-0.0168455, 0.0806895, -0.0390565
-0.0792114, 0.112269, -0.0203109
-0.132722, 0.104978, -0.0954847
-0.0876641, 0.0831946, 0.00322589
-0.0771984, 0.109222, -0.0502741
-0.0765281, 0.109326, -0.010324
-0.0838207, 0.106033, -0.0621966
-0.127447, 0.108285, -0.091002
-0.0265468, 0.10024, 0.00149763
-0.135897, 0.0987714, -0.112212
-0.0926557, 0.0955525, -0.0816786
-0.0446504, 0.0525649, -0.0683378
-0.0810133, 0.108106, -0.00446203
-0.133871, 0.115348, -0.0829498
-0.0673994, 0.103135, -0.0360317
-0.0905267, 0.0881478, -0.00602028
-0.10364, 0.1012, -0.0767243
-0.141582, 0.108029, -0.0791836
-0.0796684, 0.110847, -0.0303718
-0.0694226, 0.111685, -0.0232919
-0.0482183, 0.109002, 0.00341352
0.00621084, 0.0674003, -0.0336732
-0.0416113, 0.0723026, -0.00146698
-0.09915, 0.115135, -0.0589513
-0.089037, 0.103006, 0.00469459
-0.106182, 0.110416, -0.0835104
-0.116676, 0.116694, -0.0404262
-0.138044, 0.105891, -0.0627491
-0.137482, 0.0816228, -0.0802872
-0.0796921, 0.113333, -0.0303584
-0.140416, 0.0895629, -0.0607709
-0.0257058, 0.0853574, -0.0446448
-0.0433478, 0.0672754, -0.0579893
-0.0817281, 0.100415, -0.0279957
0.0160248, 0.0264284, -0.019843
-0.0690818, 0.0930777, -0.0479922
-0.0871883, 0.114475, -0.0398562
-0.104873, 0.106537, -0.0772602
-0.119908, 0.099489, -0.0235196
-0.0573156, 0.0959868, -0.0300137
-0.108717, 0.0730558, -0.0487992
-0.0857668, 0.10968, -0.0256154
-0.111843, 0.115338, -0.0436181
-0.0610837, 0.0686517, -0.0667049
-0.0917113, -0.00692919, -0.0331288
-0.0719429, 0.0961775, 0.0129569
-0.10583, 0.106536, -0.0891994
-0.0822437, 0.111821, -0.0503174
-0.1039, 0.102795, -0.0469396
-0.0472668, 0.106066, 0.0103686
-0.0195395, 0.0987338, -0.0143236
-0.0782263, -0.077478, 0.0126923
-0.0945983, -0.0495907, 0.0179042
-0.122848, -0.112989, 0.0140934
-0.0385775, -0.0649339, 0.0151822
-0.0913878, -0.0133077, 0.013349
-0.0705662, -0.0131429, 0.0130349
-0.121174, -0.143337, 0.0138615
-0.082912, -0.0472561, 0.014411
-0.0682671, -0.107955, 0.0173705
-0.0714607, -0.14319, -0.0227919
-0.0885515, -0.130234, 0.00807466
-0.0232691, 0.0676171, 0.0200195
0.0164694, 0.0757405, -0.00654602
-0.074521, -0.120846, 0.0152085
-0.120208, -0.0879178, 0.0183947
-0.0634549, -0.0983439, 0.0176741
-0.0449534, 0.0591547, 0.0133837
-0.0765847, -0.10443, 0.0136544
-0.0121496, -0.00111578, 0.0206784
-0.0795137, -0.0959798, 0.0165734
-0.0649622, 0.0251067, 0.0131519
-0.0965087, -0.145342, 0.0100513
-0.0849305, -0.0753752, 0.012626
-0.0798526, -0.00807975, 0.0139943
-0.117413, -0.0882192, 0.0197329
-0.128414, -0.138999, 0.0136439
-0.131128, -0.141981, 0.0117201
-0.0770728, -0.0475041, 0.0167276
-0.119934, -0.133843, 0.0135745
-0.136963, -0.103083, -0.00545939
-0.112698, -0.1445, 0.00970385
-0.080664, -0.136084, 0.0010188
-0.112433, -0.045483, 0.0176306
-0.102657, -0.114337, 0.0130965
-0.110479, -0.131039, 0.0138746
-0.108701, -0.0458905, 0.017317
-0.0605547, -0.1093, 0.019592
-0.0895603, -0.124145, 0.0113682
-0.0157552, 0.00308164, 0.019259
-0.0877807, -0.0822726, 0.0134092
-0.0230118, -0.0725498, 0.0227024
-0.0724577, 0.0306746, 0.0124728
-0.0872346, -0.0368674, 0.0146453
-0.0471439, -0.0655034, 0.0141557
-0.101628, -0.140108, 0.0118659
-0.0777381, -0.0631249, 0.0125624
-0.102404, -0.0848077, 0.0169874
-0.12604, -0.139584, 0.0105683
-0.0312449, -0.095614, 0.0202553
-0.016802, 0.021321, 0.0198446
-0.0872545, -0.00725517, 0.013158
-0.0681956, -0.0132161, 0.014668
-0.0453248, -0.0542174, -0.00147817
-0.0996235, -0.13296, 0.0172573
-0.0118511, -0.0358431, 0.0160963
0.00962607, 0.00993131, 0.0269961
-0.138183, -0.0852374, -0.00169221
-0.105269, -0.146379, -0.00610872
-0.0249796, -0.075365, 0.0164012
-0.0688443, -0.0767515, 0.0141091
-0.0775714, -0.0730676, 0.0170442
-0.0344876, -0.0394879, 0.0192721
-0.0371866, 0.0148312, 0.0179479
-0.0246731, -0.0305158, 0.0169803
0.0162083, -0.006835, 0.0201683
-0.0634461, -0.00934725, 0.0137013
-0.0799756, -0.0148886, 0.0115183
-0.0865656, -0.114549, 0.0132129
-0.119413, -0.144129, 0.00636947
-0.0162579, -0.0412957, 0.0177419
-0.132786, -0.137213, 0.0144666
0.00646653, -0.0106986, 0.0244111
-0.126158, -0.0994878, 0.0168835
-0.0710254, -0.0168859, 0.0153787
-0.07412, 0.0552243, 0.0163076
-0.00647763, -0.0631163, 0.014677
-0.109184, -0.0823299, 0.0191577
-0.113473, -0.129611, 0.0138291
-0.0672782, -0.0450399, 0.0135172
0.0148952, -0.0301542, 0.0233443
-0.113536, -0.14746, 0.012257
-0.0403571, 0.0334823, 0.016414
-0.0844279, -0.0889564, 0.0181334
-0.0692121, 0.0793701, 0.0162705
-0.0149314, -0.0469553, 0.0166174
-0.0535837, -0.0233369, 0.0137551
-0.125003, -0.0636024, 0.0132962
-0.117481, -0.0153856, 0.0122636
-0.126879, -0.126049, 0.0133597
-0.130593, -0.0538168, 0.0107174
-0.121391, -0.136336, 0.0137026
-0.0673746, -0.145085, 0.00756194
-0.0676426, -0.0560733, 0.016243
-0.0811456, -0.118629, 0.0147942
-0.0968365, -0.0760556, 0.0167367
-0.133112, -0.143445, -0.00766792
-0.0178942, -0.0873524, 0.0222526
-0.122387, -0.082447, 0.0134684
-0.0978238, -0.139356, 0.0171268
-0.0312092, 0.0063086, 0.0170041
-0.102769, -0.0880572, 0.0142674
-0.00243089, 0.090674, 0.0210466
-0.133945, -0.13013, 0.0140073
-0.111722, -0.11914, 0.0129988
-0.103609, -0.0865597, 0.0154801
-0.0865847, -0.0380693, 0.0126254
-0.0155164, -0.000227423, 0.0188908
-0.0842537, -0.0890181, 0.0157623
-0.0294243, 0.0219662, 0.0182314
0.0182331, 0.0594015, 0.0259446
-0.127098, -0.108884, 0.0149966
-0.0230881, -0.00230382, 0.0123551
-0.00244015, -0.0242052, 0.0193673
-0.082476, -0.121833, 0.0127096
-0.0143711, -0.0783272, 0.0225216
-0.128577, -0.0131375, -0.0215852
-0.104354, -0.148788, -0.00942437
-0.127915, -0.139868, 0.0149012
-0.0901441, -0.0640786, 0.0142968
-0.0854092, -0.0392844, 0.0197353
-0.101511, -0.129832, 0.014314
-0.0381733, -0.0444724, 0.0151411
-0.110576, -0.136484, 0.00957967
-0.0423492, -0.0491404, 0.0154153
-0.114891, -0.0423726, 0.01552
0.0191051, -1.82128e-005, -0.0453619
0.00803117, 0.0231574, 0.0246306
0.0208353, 0.0221437, 0.0303205
-0.0666895, 0.0162577, 0.0133199
-0.119476, -0.141569, 0.0110603
-0.0967385, -0.120699, 0.017575
-0.0714438, 0.0487551, 0.016701
0.0209881, 0.0304153, 0.0298179
-0.0563233, -0.0875168, 0.0215508
-0.0214922, 0.0409126, 0.0206883
-0.118606, -0.0400831, 0.0155338
-0.0605397, -0.0955329, 0.0217919
-0.0647619, -0.0942877, 0.0133191
-0.0552736, -0.134186, 0.0117343
-0.11188, -0.12627, 0.01391
-0.132818, -0.143043, 0.00412499
-0.0669001, -0.0379522, 0.013458
-0.0679854, -0.0217685, 0.018774
0.00219657, -0.0307701, 0.0239389
-0.122677, -0.106093, 0.0152363
-0.0727738, -0.0525773, 0.0176745
-0.0642533, -0.0625814, 0.0141529
-0.125096, -0.13636, 0.0152283
-0.12309, -0.133999, 0.0136261
-0.104559, -0.0491205, 0.0152973
-0.0913992, -0.0499166, 0.0183695
-0.0330223, -0.0361319, 0.0173679
-0.013063, -0.0286733, 0.0210404
-0.02363, 0.0211135, 0.0154709
-0.0287541, -0.0193836, 0.0186732
-0.109698, -0.148565, 0.00955358
-0.0819442, -0.0952535, 0.0160673
-0.111714, -0.0995127, 0.0125663
-0.128156, -0.133727, -0.00802919
-0.0357623, 0.104311, 0.0119914
-0.00674916, 0.00776703, 0.0217962
-0.136004, -0.0999588, 0.00756801
-0.0368089, -0.0910694, 0.0141465
-0.0646777, -0.0904634, 0.0157567
-0.102371, -0.131928, 0.0167374
-0.0653154, -0.0227395, 0.0156395
-0.105535, -0.0421916, 0.0149423
-0.0683856, -0.108791, 0.0122432
-0.0570299, 0.0768589, 0.0152141
-0.137935, -0.0886202, -0.0136306
-0.092426, -0.124299, 0.0130508
0.0194939, -0.0245159, 0.0246509
-0.0216582, -0.0141401, 0.0174461
-0.00149035, -0.0552483, 0.0165617
-0.0455413, -0.0240639, 0.0164508
-0.126678, -0.134928, 0.0165259
-0.0817454, -0.098674, 0.0158045
0.0111743, 0.0269932, 0.0262714
-0.112581, -0.0923819, 0.0132128
-0.123941, -0.14506, 0.002078
-0.00816461, -0.00424335, 0.0218331
-0.0833375, -0.0964018, 0.0131892
-0.124463, -0.138399, 0.0138013
-0.0383293, -0.028269, 0.0184069
-0.119589, -0.11922, 0.0166192
-0.0585759, -0.105514, 0.0106169
-0.0383246, 0.0571372, 0.0158864
-0.098492, -0.126484, 0.0109865
-0.113025, -0.11563, 0.017082
-0.128614, -0.0924484, 0.0171527
-0.0638533, -0.0159983, 0.0151976
-0.0397714, 0.0639922, 0.0192108
0.0168244, -0.0136654, 0.00751583
-0.109664, -0.140626, 0.00832053
-0.0801021, -0.0131302, 0.0171059
-0.0273397, 0.0345532, 0.0190054
-0.130728, -0.120949, 0.0153739
-0.122442, -0.112636, 0.0117
-0.0186764, -0.00709665, 0.0152413
-0.0161856, 0.0252404, 0.0199807
-0.0513212, -0.0197802, 0.0134155
-0.0524078, -0.113741, 0.0097262
-0.0672766, -0.0577842, 0.0167095
-0.0143327, 0.0233262, 0.0200323
-0.124461, -0.133895, 0.0139614
-0.105392, -0.115332, 0.0159192
-0.129415, -0.138972, 0.0107746
-0.0677306, -0.142828, 0.00664567
-0.0629551, -0.0129762, 0.0147393
-0.128481, -0.125738, 0.0104181
-0.131448, -0.14211, 0.00790911
0.00419713, -0.0410693, 0.0148141
-0.108369, -0.0525587, 0.0140717
-0.111824, -0.119703, 0.0136197
-0.0963717, -0.133511, 0.0176312
-0.126634, -0.13427, 0.00790924
-0.125257, -0.0891866, 0.016856
-0.0407532, 0.056815, 0.0126538
-0.0799714, -0.103966, 0.0130732
-0.0847865, -0.110099, 0.013602
-0.0699685, -0.0649434, 0.0199769
-0.0306612, -0.120505, -0.00180427
-0.0126405, -0.0659837, 0.0119633
-0.0576168, -0.0520531, 0.0033698
-0.107403, -0.130358, 0.0151607
-0.110765, -0.133044, 0.0127054
-0.105252, -0.121591, 0.0159622
-0.109594, -0.107592, 0.0146023
-0.0805064, -0.063188, 0.0123804
-0.00105041, 0.0905155, 0.0228989
0.00796872, 0.0154283, 0.0259241
0.0238065, 0.0199859, 0.00966576
-0.110209, -0.133375, 0.00914034
-0.0101947, 0.0581479, 0.0233676
-0.0463245, -0.00943339, 0.0170312
-0.0302984, -0.0614601, 0.0154193
-0.0662347, -0.109761, 0.0177385
-0.0949629, -0.101614, 0.0133592
-0.120576, -0.111876, 0.0114155
-0.0955947, -0.000579942, 0.0153452
-0.0955729, -0.120194, 0.0175717
0.000538057, -0.0533923, 0.00952827
-0.0103667, -0.073612, -0.00606966
0.0230667, -0.0362717, 0.00787867
-0.0666112, -0.0778045, 0.0152531
-0.0616639, -0.117409, 0.0176058
-0.132657, -0.117134, 0.0110682
-0.0166423, -0.00690909, 0.0197516
-0.101811, -0.0803961, 0.0169893
-0.115787, 0.0263529, 0.00985305
-0.115034, -0.0654619, 0.0157573
-0.112066, -0.14258, 0.00669132
-0.116261, -0.144135, 0.0121978
-0.116268, 0.009231, 0.00985537
-0.0303372, -0.100026, 0.0134752
-0.11944, -0.147054, 0.00643618
-0.0373517, 0.0511747, 0.01395
-0.130138, -0.143486, 0.0017429
-0.13018, -0.141836, -0.0264386
-0.07259, -0.114368, 0.0204183
-0.0557941, -0.0742067, 0.0156391
0.011345, -0.062795, 0.0200113
-0.007779, 0.0338208, 0.0199918
-0.0754136, -0.128212, 0.00651663
-0.0933378, -0.129426, 0.0177853
-0.119201, -0.143159, 0.0141871
-0.130314, -0.148676, 0.00133489
-0.0952703, 0.0857291, 0.00891373
-0.0764356, -0.056637, 0.0153263
-0.106572, -0.0837682, 0.0148253
-0.0408489, -0.0584143, 0.0149032
0.0223678, -0.00785553, 0.0270888
-0.113961, -0.0731927, 0.0147522
-0.118225, -0.115972, 0.0178847
-0.0544638, -0.0597894, 0.0161642
-0.0597994, -0.0995322, 0.0169864
-0.0501578, -0.0376289, 0.0147398
-0.110779, -0.134505, 0.015213
-0.0418215, -0.0802037, 0.0143245
-0.122262, -0.136102, 0.0141841
-0.062215, -0.148272, -0.0279436
-0.131071, -0.124991, 0.0137457
0.0146618, 0.0323373, 0.0273917
-0.112981, -0.106702, 0.0137625
-0.122271, -0.13512, 0.0142693
-0.111441, -0.0569024, 0.0142015
-0.0674291, -0.108448, 0.0126024
-0.0500469, -0.00831708, 0.014834
-0.107724, -0.0982027, 0.0128012
-0.0722521, -0.0147633, 0.0166794
-0.0384352, 0.0489863, 0.0177904
-0.0766634, -0.119638, 0.0194946
-0.128812, -0.0956399, 0.00925878
-0.0346905, 0.022684, 0.0181367
-0.120248, -0.0725412, 0.0168994
-0.012495, -0.0193204, -0.00182489
-0.0888379, -0.115583, 0.0124607
-0.100713, -0.0448265, 0.0163169
-0.102753, -0.113827, 0.0137257
-0.114258, -0.0582643, 0.0140224
-0.08114, -0.124295, 0.0161921
-0.0958853, 0.026414, -0.0102257
-0.111183, -0.0701418, 0.0140485
-0.104519, -0.110073, 0.0135019
-0.0625291, -0.00462846, 0.0147706
-0.098905, -0.12706, 0.0107196
-0.0438971, -0.0458859, 0.0142294
-0.0763586, -0.0867868, 0.0129336
-0.0355595, -0.0277907, 0.016213
-0.111951, -0.137033, 0.0111216
-0.0124327, -0.0502511, 0.00583593
-0.0913329, -0.136039, 0.0172727
-0.0897795, -0.108077, 0.0129921
-0.0163268, -0.0757492, 0.0228204
-0.0379025, -0.10717, 0.0186394
-0.0319484, 0.0147646, 0.00890421
-0.102387, -0.0914192, 0.0129788
-0.00982256, -0.0480942, 0.0234697
-0.0654077, -0.000114412, 0.0134804
-0.0938203, -0.0612819, 0.0194603
-0.00955299, -0.0975163, 0.0104547
-0.0635019, -0.0663053, 0.0146049
-0.00445522, -0.0384047, 0.0189662
-0.0957522, -0.116173, 0.0140631
-0.0901354, -0.0328231, 0.0127771
-0.10991, -0.0550969, 0.0172993
-0.116003, -0.136352, 0.0119239
-0.0155825, -0.0485984, 0.0226236
-0.0962276, -0.076973, 0.0165171
-0.0749628, -0.0752267, 0.0133409
-0.11456, -0.118371, 0.0130969
-0.0778066, -0.0604928, 0.0133138
-0.120352, -0.111094, 0.0122363
-0.118258, -0.118671, 0.011747
-0.1143, -0.132127, 0.014041
-0.102771, -0.130884, 0.0113408
-0.106259, -0.125595, 0.0136054
-0.0588191, 0.0854026, 0.0162308
-0.0695033, -0.00112666, 0.0160296
-0.1318, -0.129514, 0.0024541
-0.0490752, 0.103333, 0.0136842

